OrderedDict([('fc1.weight', tensor([[ 0.0185,  0.0130, -0.0298,  ...,  0.0112, -0.0174,  0.0032],
        [ 0.0302,  0.0310,  0.0161,  ..., -0.0271,  0.0245,  0.0003],
        [-0.0306, -0.0208, -0.0335,  ..., -0.0019,  0.0209,  0.0209],
        ...,
        [ 0.0051, -0.0079, -0.0201,  ...,  0.0366, -0.0220,  0.0101],
        [ 0.0296, -0.0029, -0.0022,  ...,  0.0019, -0.0090,  0.0163],
        [ 0.0219, -0.0228,  0.0215,  ...,  0.0337,  0.0139, -0.0035]])), ('fc1.bias', tensor([ 4.2231e-03,  3.6806e-03, -3.5599e-02,  4.9551e-02,  4.0790e-02,
         5.8385e-02,  3.1573e-02, -2.2236e-02,  8.6006e-02, -2.1608e-02,
         3.7677e-02,  6.2862e-02,  1.2242e-02,  9.2933e-02,  4.2790e-03,
         1.2260e-02,  6.7997e-02,  1.9062e-02, -2.0637e-02,  4.5861e-02,
         1.3407e-02,  1.9278e-02,  4.5826e-02,  5.0428e-02,  2.7020e-02,
         1.0663e-02,  8.9934e-04,  2.5522e-03,  1.1930e-01, -9.6109e-03,
        -1.0181e-02,  3.0817e-02, -1.8746e-02,  3.2800e-02, -1.9476e-03,
         5.0504e-03,  6.0011e-02,  7.9954e-02,  3.2287e-02,  6.8699e-02,
        -1.5673e-02,  6.5169e-02,  3.6785e-02,  4.1458e-02,  5.9745e-03,
         8.9847e-03,  7.2582e-02,  7.3319e-02, -3.8591e-02,  4.6557e-02,
         1.3392e-03,  1.0043e-01, -1.2645e-02,  4.0522e-03,  2.5421e-02,
         7.5805e-02,  7.7059e-02,  1.0526e-02,  8.7019e-02,  8.8160e-02,
        -4.9341e-03,  7.4164e-02,  2.7019e-02,  2.1625e-02,  2.1397e-02,
        -1.1468e-02,  1.8326e-03,  6.1975e-02,  9.2674e-02,  6.3169e-02,
         3.1469e-02,  7.1136e-04, -7.3975e-03, -3.6716e-04,  3.4060e-02,
         6.1257e-02,  1.5852e-02,  4.7673e-02,  1.2304e-02, -7.3136e-03,
         7.3879e-03,  5.7784e-02,  4.8942e-02,  1.9854e-01,  1.6412e-02,
         2.8410e-02,  5.3513e-02,  5.7926e-02, -1.8002e-02, -5.4754e-02,
         7.8339e-02,  2.3377e-02,  1.0160e-01,  3.1045e-02,  3.1639e-02,
         1.0195e-02,  1.2858e-02,  7.8628e-02,  7.3761e-02,  2.2174e-02,
         3.3906e-02, -5.0103e-02,  5.3383e-02,  5.8453e-02,  3.6596e-02,
         7.5324e-02,  8.2068e-02, -1.8860e-03, -9.9343e-03,  2.2056e-02,
         3.9202e-02,  1.6411e-02,  1.9034e-04,  4.7994e-02, -1.2288e-02,
         2.3973e-02,  1.8604e-02,  7.5222e-03,  3.1803e-02,  9.3071e-02,
        -2.1693e-02,  5.4136e-02,  2.7910e-02, -8.2245e-03,  4.4826e-02,
         4.8458e-02, -1.6301e-02,  1.8323e-02, -2.1823e-02,  1.3738e-02,
        -1.5980e-02,  7.5399e-02,  4.6256e-02, -1.4317e-02,  4.5059e-02,
         6.3510e-02,  5.5323e-03,  9.5384e-02,  4.8071e-02,  5.5211e-02,
         2.9245e-02,  3.3779e-02,  3.5620e-02,  7.0393e-03,  3.7593e-02,
        -3.7192e-02,  2.1804e-02,  3.3218e-02, -1.1582e-02,  5.7199e-03,
         4.6167e-03,  5.6261e-02, -1.8187e-02,  1.0125e-02,  8.4779e-02,
        -1.2130e-02,  2.6608e-02,  1.3904e-01,  5.7100e-02,  4.7830e-02,
         1.3646e-02,  2.6241e-02, -1.8048e-02,  4.4949e-03,  5.8226e-02,
         8.9866e-02, -2.5770e-02,  4.8074e-02, -7.4006e-03, -1.3694e-02,
         2.4063e-02, -3.4976e-02, -3.3451e-03, -8.5132e-03,  1.5979e-02,
         3.6808e-02,  8.4295e-02, -6.4310e-02, -2.9773e-02,  5.4489e-02,
         4.7861e-02, -3.4822e-02,  4.7051e-02,  7.4849e-02,  7.6353e-02,
         1.7215e-03, -5.8851e-03,  6.6418e-02,  5.2650e-02,  8.1381e-02,
         1.9730e-02, -4.9921e-03, -4.1703e-02, -1.1344e-02, -4.3804e-03,
         1.0367e-01,  5.6490e-02, -9.6603e-03,  4.0356e-02,  1.6006e-02])), ('fc2.weight', tensor([[ 0.0458,  0.0966, -0.0758,  ...,  0.0844,  0.0655,  0.0150],
        [-0.0113,  0.0686, -0.0217,  ...,  0.0050,  0.0125,  0.0683],
        [-0.0235,  0.0275, -0.0635,  ...,  0.0548,  0.0352,  0.0125],
        ...,
        [ 0.0538, -0.0044, -0.0508,  ...,  0.0826,  0.0765, -0.0420],
        [-0.0053,  0.0972,  0.0151,  ...,  0.0097,  0.0471, -0.0254],
        [ 0.0767,  0.0487,  0.0194,  ..., -0.0658, -0.0214, -0.0015]])), ('fc2.bias', tensor([ 0.1072, -0.0217,  0.0848,  0.0147, -0.0282,  0.0519,  0.1287,  0.0365,
         0.0840, -0.0431,  0.0349,  0.0790, -0.0763,  0.0463,  0.0889, -0.0195,
         0.0861,  0.0063, -0.0127,  0.0852, -0.0006,  0.0422, -0.0616,  0.0596,
         0.1484, -0.0478,  0.0905,  0.0592,  0.0224, -0.0299,  0.1370, -0.0926,
        -0.0442,  0.0376,  0.1052,  0.0652,  0.0418, -0.0539,  0.0818,  0.0830,
        -0.0323,  0.0206,  0.0638,  0.0012,  0.0579,  0.0348,  0.0185, -0.0571,
         0.0102,  0.0441,  0.0608, -0.0169,  0.1000,  0.0037, -0.0660, -0.0374,
         0.0998, -0.0352,  0.0765, -0.0252,  0.1092,  0.0380, -0.0357,  0.0948,
         0.0889,  0.0080,  0.0446, -0.0563,  0.0042,  0.0667, -0.0866,  0.1107,
         0.0708,  0.0550,  0.0170,  0.1157, -0.0598, -0.0056, -0.0160,  0.0291,
         0.0302, -0.0188,  0.0385,  0.0778, -0.0741, -0.0490,  0.1053,  0.0168,
        -0.0383,  0.0170,  0.0869, -0.0119,  0.0257,  0.0248,  0.0087, -0.0271,
         0.0227, -0.0521,  0.0262,  0.0441,  0.0064, -0.0661,  0.0410,  0.0248,
         0.0508,  0.0040, -0.0303,  0.0232,  0.0293,  0.0517,  0.0339, -0.0458,
        -0.0468,  0.0692,  0.0223, -0.0393, -0.0308, -0.0535, -0.0087, -0.0208,
         0.1189,  0.0785, -0.0684, -0.0418,  0.0104,  0.0372, -0.0664, -0.0610,
        -0.0037, -0.0312,  0.1176,  0.0539, -0.0493,  0.1063, -0.0562, -0.0431,
         0.0068,  0.0976,  0.1285,  0.0456, -0.0055,  0.1226,  0.0608,  0.0328,
         0.1235,  0.0859,  0.1056, -0.0498,  0.0210,  0.0735,  0.0380,  0.0290,
         0.0490,  0.0341,  0.0525, -0.0267,  0.0021, -0.0037, -0.0733, -0.0197,
         0.0248,  0.0061,  0.0547,  0.0831, -0.0221, -0.0277, -0.0030, -0.0748,
         0.0219,  0.0745, -0.0419,  0.0354,  0.0828,  0.0292,  0.0209,  0.0310,
         0.0234,  0.1482,  0.0785, -0.0661, -0.0297,  0.0277,  0.0899, -0.0658,
         0.0638,  0.0108,  0.0146,  0.1020,  0.0556,  0.1004, -0.0339, -0.0911,
         0.0180,  0.0659, -0.0547,  0.1198,  0.0330,  0.0109, -0.0383,  0.0576])), ('fc3.weight', tensor([[-0.1776, -0.0508,  0.1470,  ..., -0.1295,  0.0860,  0.0949],
        [ 0.0976, -0.0534, -0.0798,  ...,  0.2416,  0.1415, -0.2073],
        [-0.1204, -0.0394,  0.1182,  ..., -0.0323, -0.0246, -0.1070],
        ...,
        [ 0.0588,  0.0687,  0.0042,  ...,  0.1296, -0.1231, -0.0477],
        [-0.1168,  0.0028, -0.1417,  ..., -0.0514, -0.0360, -0.1443],
        [ 0.0320,  0.0280,  0.0325,  ..., -0.0223,  0.1658,  0.1873]])), ('fc3.bias', tensor([-0.1012,  0.1806,  0.0051, -0.0289,  0.0440,  0.1564, -0.0803,  0.1112,
        -0.2341,  0.0250]))])