[OrderedDict([('fc1.weight', tensor([[-0.0243,  0.0031,  0.0095,  ..., -0.0185,  0.0300,  0.0296],
        [-0.0270, -0.0096, -0.0154,  ..., -0.0116,  0.0305,  0.0260],
        [-0.0346, -0.0122, -0.0023,  ...,  0.0057, -0.0327,  0.0244],
        ...,
        [ 0.0076,  0.0176, -0.0203,  ..., -0.0072,  0.0327,  0.0161],
        [-0.0255, -0.0310,  0.0147,  ...,  0.0203,  0.0227,  0.0280],
        [-0.0041, -0.0092, -0.0295,  ...,  0.0164, -0.0227, -0.0229]])), ('fc1.bias', tensor([ 2.1110e-02,  6.5884e-02,  2.0732e-02, -2.6998e-02,  7.0197e-03,
         3.4592e-02, -2.7870e-02,  5.4186e-02,  2.9629e-02, -2.0131e-02,
         3.3430e-02, -1.6888e-02,  1.5706e-02, -1.5959e-02, -2.2434e-02,
         1.8948e-02,  3.9874e-02,  3.0630e-02,  2.8347e-02,  2.9470e-03,
         3.9341e-02,  3.9685e-02, -2.7022e-02,  3.9161e-02, -4.8802e-03,
         9.6998e-03, -9.3893e-03,  5.4976e-02,  2.7896e-02, -8.8703e-03,
         5.0029e-03,  2.0368e-02,  4.9358e-02,  6.0266e-02,  1.7949e-02,
         4.0893e-03,  3.2759e-03,  7.5177e-02, -1.6081e-02,  2.6237e-02,
         1.5949e-02,  2.0187e-02,  2.5607e-02,  3.5088e-03,  1.1357e-02,
         3.4849e-02,  4.3876e-02, -9.0422e-04,  5.2121e-02,  3.3795e-02,
         1.7371e-02,  3.4267e-02,  5.8932e-02, -2.2930e-02,  5.5994e-02,
         2.9752e-03, -2.5788e-02,  3.5185e-02,  1.7549e-02, -1.1336e-02,
         6.4128e-02, -2.0159e-02,  5.0778e-03,  3.5114e-02,  6.1140e-03,
         4.3861e-02, -1.8895e-02, -1.1104e-02, -2.4895e-02, -3.4791e-02,
        -1.8090e-02, -1.3986e-02, -2.3800e-02,  3.2838e-02,  1.1178e-02,
         5.3098e-02,  6.3849e-02,  1.1657e-02, -4.6875e-03, -9.6969e-03,
        -2.1827e-03,  1.2506e-02,  3.2978e-02, -5.0601e-03,  6.0141e-02,
         4.7115e-02, -3.0477e-02, -1.2450e-02,  1.7588e-02,  2.6967e-02,
         2.3019e-02, -3.6799e-03, -7.8923e-03,  2.8124e-02,  2.7989e-02,
         1.6536e-02, -3.0967e-02,  1.3182e-02, -2.1539e-02,  1.0087e-02,
        -7.7593e-03,  4.7367e-02,  4.8447e-02, -1.4383e-02,  5.0529e-02,
        -3.3189e-03,  4.2772e-02, -1.9105e-02, -3.5506e-03,  4.5730e-02,
         4.6431e-02,  6.8079e-02,  1.6344e-02,  3.8803e-02,  2.1374e-02,
         5.9241e-03,  2.7176e-02,  2.4603e-02, -2.5861e-04,  1.8182e-02,
         8.7377e-03,  3.1633e-02,  5.1645e-04,  3.5255e-02,  3.5468e-02,
        -1.1169e-02, -9.8699e-03, -6.2518e-03,  2.0231e-02,  3.7881e-02,
         5.7916e-02,  4.3822e-02,  1.2503e-02,  6.4908e-03,  1.5386e-02,
         3.7573e-02,  3.4951e-02,  2.1615e-02, -1.0250e-02, -2.6538e-02,
        -1.7405e-02, -2.9188e-05,  4.4244e-02,  8.5294e-02,  3.7241e-02,
        -3.0718e-02, -2.3919e-03, -1.6232e-03,  1.7899e-02, -1.2231e-02,
        -8.8468e-03,  3.0033e-02, -2.1231e-02, -1.0828e-02, -4.8606e-03,
         3.8198e-02,  1.8421e-02, -1.6823e-02,  7.6035e-03, -2.7761e-02,
         4.3192e-02,  2.2178e-02,  1.0190e-02,  2.1520e-02,  2.1215e-02,
         6.5186e-04, -2.2545e-02,  5.7150e-03,  1.0260e-03, -1.1140e-02,
        -9.3511e-03, -2.9767e-04,  2.9935e-02,  3.0454e-02,  3.2284e-02,
         3.5240e-02,  2.5606e-02,  1.0303e-02, -8.9294e-03,  3.5185e-02,
         1.5030e-02,  3.0114e-02,  3.6468e-02, -9.2174e-03,  3.7178e-02,
        -6.9588e-03,  6.2428e-03,  5.8095e-02,  2.5806e-02,  1.0772e-02,
        -2.5714e-02, -2.8654e-02,  2.9122e-03,  1.8937e-02, -2.5231e-02,
         1.5685e-03,  9.0075e-04,  5.7173e-02,  5.7834e-02, -1.4685e-03])), ('fc2.weight', tensor([[-0.0407,  0.0156,  0.0548,  ..., -0.0447,  0.0432,  0.0462],
        [ 0.0654, -0.0538, -0.0188,  ..., -0.0414,  0.0013,  0.0499],
        [-0.0408,  0.0932,  0.0567,  ..., -0.0247,  0.0823,  0.0250],
        ...,
        [ 0.0759,  0.0037, -0.0545,  ...,  0.0255, -0.0221,  0.0004],
        [ 0.0608,  0.0431,  0.0296,  ...,  0.0101,  0.0810,  0.0019],
        [-0.0576, -0.0561,  0.0452,  ..., -0.0458, -0.0651,  0.0040]])), ('fc2.bias', tensor([ 0.0393,  0.0431,  0.0465, -0.0622,  0.0545,  0.0579,  0.0897, -0.0689,
         0.0167,  0.0156,  0.0828, -0.0454,  0.0127, -0.0380, -0.0306,  0.0387,
        -0.0337,  0.0625,  0.0156,  0.0554,  0.0537,  0.0005, -0.0103,  0.0746,
        -0.0494, -0.0291,  0.0530,  0.0015,  0.0742,  0.0053,  0.0136, -0.0130,
         0.0803,  0.0288, -0.0647, -0.0595, -0.0505, -0.0530, -0.0469,  0.0012,
        -0.0133,  0.0951, -0.0031,  0.0318, -0.0412,  0.0354, -0.0246,  0.0767,
         0.0777,  0.0310,  0.0292, -0.0528,  0.0526,  0.0088,  0.0433, -0.0367,
        -0.0040,  0.0728,  0.0165,  0.0118,  0.0530,  0.0499,  0.0125,  0.0200,
         0.0783, -0.0381,  0.0494,  0.0551, -0.0164,  0.0130,  0.0367, -0.0422,
        -0.0438, -0.0369, -0.0445, -0.0065, -0.0301,  0.0465,  0.0273,  0.0194,
        -0.0067,  0.0617,  0.0741,  0.0739, -0.0286,  0.1011, -0.0012, -0.0581,
         0.0480,  0.0461,  0.0105,  0.0533, -0.0498,  0.0488,  0.0273,  0.0351,
         0.0752,  0.0276,  0.0570, -0.0098, -0.0488, -0.0092,  0.0526, -0.0658,
         0.0665,  0.0001,  0.0337,  0.0223,  0.0589,  0.0544,  0.0776, -0.0574,
         0.0431,  0.0426, -0.0474, -0.0678,  0.0282,  0.0381,  0.0384, -0.0355,
         0.0678, -0.0694, -0.0084,  0.0408,  0.0859,  0.0613, -0.0151,  0.0474,
         0.0606, -0.0022,  0.0191, -0.0055, -0.0378,  0.1057,  0.0481, -0.0626,
        -0.0706,  0.0082,  0.0783,  0.0658, -0.0421, -0.0344,  0.0802, -0.0270,
         0.0295,  0.0702, -0.0642,  0.0661,  0.0549,  0.0804, -0.0226,  0.0567,
        -0.0225, -0.0668,  0.0306,  0.0136,  0.0871,  0.0607,  0.0749,  0.0323,
         0.0005,  0.0709, -0.0356,  0.0633,  0.0078, -0.0097, -0.0263,  0.0731,
         0.0506, -0.0507,  0.0612,  0.0006,  0.0835,  0.0492,  0.0370,  0.0490,
         0.0324,  0.0561,  0.0763,  0.0620,  0.0637, -0.0473,  0.0178,  0.0457,
         0.0424, -0.0559, -0.0268,  0.0349,  0.0964, -0.0487, -0.0276,  0.0565,
         0.0020,  0.0767,  0.0067, -0.0426, -0.0218,  0.0698,  0.0489, -0.0497])), ('fc3.weight', tensor([[ 0.0449,  0.0524, -0.0098,  ...,  0.0272, -0.0857, -0.0200],
        [-0.0672,  0.0065,  0.0382,  ...,  0.0706,  0.0054, -0.0125],
        [ 0.0377, -0.0572, -0.1306,  ...,  0.1117,  0.0122, -0.0137],
        ...,
        [-0.0388, -0.0011, -0.0894,  ..., -0.0665, -0.0571,  0.0395],
        [ 0.0456, -0.0041,  0.1054,  ..., -0.0806,  0.0578, -0.0045],
        [ 0.0293, -0.0370,  0.0731,  ..., -0.1100, -0.0929, -0.0505]])), ('fc3.bias', tensor([-0.0844,  0.0937,  0.0661,  0.0250, -0.0888,  0.0174,  0.0310,  0.0244,
        -0.0898,  0.0555]))]), OrderedDict([('fc1.weight', tensor([[-0.0243,  0.0031,  0.0095,  ..., -0.0185,  0.0300,  0.0296],
        [-0.0270, -0.0096, -0.0154,  ..., -0.0116,  0.0305,  0.0260],
        [-0.0346, -0.0122, -0.0023,  ...,  0.0057, -0.0327,  0.0244],
        ...,
        [ 0.0076,  0.0176, -0.0203,  ..., -0.0072,  0.0327,  0.0161],
        [-0.0255, -0.0310,  0.0147,  ...,  0.0203,  0.0227,  0.0280],
        [-0.0041, -0.0092, -0.0295,  ...,  0.0164, -0.0227, -0.0229]])), ('fc1.bias', tensor([ 1.5093e-02,  6.5602e-02,  1.6373e-02, -3.0073e-02,  3.5065e-03,
         3.3695e-02, -2.6634e-02,  5.4547e-02,  2.8111e-02, -2.4498e-02,
         3.0712e-02, -1.7057e-02,  1.8266e-02, -1.4343e-02, -2.3211e-02,
         1.8886e-02,  4.1599e-02,  3.2075e-02,  2.9152e-02,  9.3563e-05,
         3.8706e-02,  3.9213e-02, -2.5345e-02,  3.8156e-02, -4.4492e-03,
         9.7119e-03, -7.5998e-03,  5.8232e-02,  2.9820e-02, -1.0092e-02,
         5.1779e-03,  1.8683e-02,  4.7691e-02,  5.8543e-02,  1.6554e-02,
         4.1438e-03,  1.6736e-03,  7.4565e-02, -1.6272e-02,  2.7915e-02,
         1.4485e-02,  1.7385e-02,  2.5274e-02, -2.5107e-03,  1.0564e-02,
         3.5089e-02,  4.0510e-02, -3.5544e-03,  5.2318e-02,  3.9477e-02,
         1.9967e-02,  3.1816e-02,  6.1591e-02, -3.0158e-02,  5.6184e-02,
         2.8765e-03, -2.5475e-02,  3.4249e-02,  1.8348e-02, -1.1427e-02,
         6.2401e-02, -2.1509e-02,  3.9455e-03,  3.5865e-02,  5.8361e-03,
         4.4482e-02, -2.0564e-02, -1.0774e-02, -2.5336e-02, -3.5081e-02,
        -2.1094e-02, -9.8409e-03, -2.6188e-02,  2.9404e-02,  1.1281e-02,
         5.1244e-02,  6.4855e-02,  1.0491e-02, -6.1964e-03, -1.1163e-02,
        -6.0098e-03,  1.1949e-02,  3.2654e-02, -9.1816e-03,  5.8851e-02,
         4.6439e-02, -2.7038e-02, -1.3362e-02,  2.0772e-02,  2.8476e-02,
         2.5074e-02, -5.3572e-03, -8.0854e-03,  2.6204e-02,  2.7763e-02,
         1.7848e-02, -2.9672e-02,  9.0661e-03, -2.0834e-02,  1.3105e-02,
        -6.1694e-03,  4.7819e-02,  4.8183e-02, -1.3643e-02,  4.5572e-02,
        -2.5138e-03,  4.4619e-02, -1.8856e-02, -1.8440e-03,  4.1833e-02,
         5.0103e-02,  6.7750e-02,  1.3422e-02,  3.7449e-02,  2.1152e-02,
         6.3423e-03,  2.5426e-02,  2.0343e-02, -8.7609e-04,  1.6629e-02,
         1.4928e-03,  3.0513e-02,  6.5873e-04,  3.4133e-02,  3.0735e-02,
        -8.4031e-03, -1.4115e-02, -1.0541e-02,  1.9342e-02,  3.5276e-02,
         5.7746e-02,  4.5098e-02,  1.4019e-02,  6.4570e-03,  1.4572e-02,
         3.7713e-02,  2.7515e-02,  2.1489e-02, -1.0228e-02, -2.7445e-02,
        -2.1827e-02, -2.8292e-03,  4.3709e-02,  8.7574e-02,  3.9555e-02,
        -3.2550e-02, -2.3124e-03, -1.5004e-03,  1.6199e-02, -1.2451e-02,
        -8.3798e-03,  2.9905e-02, -2.1089e-02, -1.0917e-02, -5.0529e-03,
         3.9270e-02,  2.0944e-02, -1.6908e-02,  9.3816e-03, -2.9272e-02,
         4.4078e-02,  2.1571e-02,  1.0311e-02,  2.1520e-02,  2.0412e-02,
         2.8578e-03, -2.4130e-02,  3.1250e-03,  3.3115e-04, -1.3186e-02,
        -1.1207e-02,  2.0005e-03,  3.0335e-02,  3.3051e-02,  3.2268e-02,
         3.5859e-02,  2.3863e-02,  1.1874e-02, -8.7794e-03,  3.3924e-02,
         7.3379e-03,  2.9322e-02,  3.8402e-02, -1.1621e-02,  3.6157e-02,
        -1.1941e-02,  1.9219e-03,  6.2430e-02,  2.7278e-02,  1.0030e-02,
        -2.7715e-02, -2.9135e-02,  3.1563e-03,  1.7267e-02, -2.5615e-02,
         1.1551e-03,  7.7477e-04,  5.3694e-02,  5.6063e-02, -1.9320e-03])), ('fc2.weight', tensor([[-0.0376,  0.0175,  0.0574,  ..., -0.0431,  0.0472,  0.0468],
        [ 0.0654, -0.0538, -0.0188,  ..., -0.0414,  0.0013,  0.0499],
        [-0.0307,  0.0989,  0.0654,  ..., -0.0202,  0.0939,  0.0271],
        ...,
        [ 0.0724,  0.0026, -0.0574,  ...,  0.0240, -0.0226,  0.0006],
        [ 0.0558,  0.0398,  0.0245,  ...,  0.0045,  0.0822,  0.0037],
        [-0.0576, -0.0561,  0.0452,  ..., -0.0458, -0.0651,  0.0040]])), ('fc2.bias', tensor([ 0.0397,  0.0431,  0.0463, -0.0587,  0.0497,  0.0574,  0.0895, -0.0685,
         0.0148,  0.0156,  0.0859, -0.0448,  0.0130, -0.0397, -0.0277,  0.0400,
        -0.0365,  0.0611,  0.0152,  0.0554,  0.0536,  0.0038, -0.0076,  0.0722,
        -0.0463, -0.0291,  0.0573, -0.0012,  0.0769,  0.0068,  0.0136, -0.0185,
         0.0811,  0.0269, -0.0647, -0.0600, -0.0515, -0.0530, -0.0466,  0.0005,
        -0.0205,  0.0939, -0.0059,  0.0353, -0.0412,  0.0319, -0.0221,  0.0765,
         0.0757,  0.0333,  0.0273, -0.0521,  0.0504,  0.0088,  0.0433, -0.0368,
        -0.0060,  0.0740,  0.0113,  0.0116,  0.0555,  0.0523,  0.0125,  0.0217,
         0.0711, -0.0421,  0.0524,  0.0511, -0.0142,  0.0107,  0.0367, -0.0395,
        -0.0452, -0.0378, -0.0445, -0.0088, -0.0311,  0.0471,  0.0258,  0.0148,
        -0.0048,  0.0597,  0.0727,  0.0724, -0.0295,  0.1022, -0.0012, -0.0589,
         0.0480,  0.0477,  0.0160,  0.0521, -0.0499,  0.0485,  0.0260,  0.0361,
         0.0811,  0.0238,  0.0528, -0.0098, -0.0486, -0.0086,  0.0489, -0.0696,
         0.0663,  0.0001,  0.0331,  0.0210,  0.0558,  0.0525,  0.0768, -0.0567,
         0.0431,  0.0395, -0.0486, -0.0678,  0.0277,  0.0351,  0.0371, -0.0278,
         0.0652, -0.0694, -0.0090,  0.0408,  0.0852,  0.0618, -0.0150,  0.0510,
         0.0634, -0.0021,  0.0189, -0.0062, -0.0371,  0.1019,  0.0477, -0.0658,
        -0.0706,  0.0097,  0.0787,  0.0678, -0.0422, -0.0389,  0.0817, -0.0252,
         0.0295,  0.0709, -0.0642,  0.0625,  0.0525,  0.0803, -0.0215,  0.0586,
        -0.0226, -0.0668,  0.0326,  0.0168,  0.0875,  0.0605,  0.0779,  0.0332,
        -0.0025,  0.0710, -0.0379,  0.0618,  0.0078, -0.0122, -0.0276,  0.0732,
         0.0536, -0.0529,  0.0590,  0.0047,  0.0806,  0.0461,  0.0320,  0.0496,
         0.0324,  0.0554,  0.0727,  0.0666,  0.0638, -0.0472,  0.0199,  0.0464,
         0.0429, -0.0533, -0.0251,  0.0354,  0.0948, -0.0477, -0.0271,  0.0569,
         0.0033,  0.0740,  0.0067, -0.0434, -0.0240,  0.0692,  0.0440, -0.0497])), ('fc3.weight', tensor([[ 0.0441,  0.0524, -0.0127,  ...,  0.0275, -0.0858, -0.0200],
        [-0.0681,  0.0065,  0.0339,  ...,  0.0711,  0.0053, -0.0125],
        [ 0.0376, -0.0572, -0.1302,  ...,  0.1125,  0.0132, -0.0137],
        ...,
        [-0.0394, -0.0011, -0.0916,  ..., -0.0659, -0.0568,  0.0395],
        [ 0.0620, -0.0041,  0.2365,  ..., -0.0496,  0.1152, -0.0045],
        [ 0.0273, -0.0370,  0.0532,  ..., -0.0996, -0.0819, -0.0505]])), ('fc3.bias', tensor([-0.0847,  0.0938,  0.0675, -0.0105, -0.0889,  0.0195,  0.0308,  0.0251,
        -0.0803,  0.0780]))]), OrderedDict([('fc1.weight', tensor([[-0.0243,  0.0031,  0.0095,  ..., -0.0185,  0.0300,  0.0296],
        [-0.0270, -0.0096, -0.0154,  ..., -0.0116,  0.0305,  0.0260],
        [-0.0346, -0.0122, -0.0023,  ...,  0.0057, -0.0327,  0.0244],
        ...,
        [ 0.0076,  0.0176, -0.0203,  ..., -0.0072,  0.0327,  0.0161],
        [-0.0255, -0.0310,  0.0147,  ...,  0.0203,  0.0227,  0.0280],
        [-0.0041, -0.0092, -0.0295,  ...,  0.0164, -0.0227, -0.0229]])), ('fc1.bias', tensor([ 0.0263,  0.0614,  0.0177, -0.0292,  0.0013,  0.0379, -0.0297,  0.0536,
         0.0309, -0.0203,  0.0323, -0.0161,  0.0135, -0.0148, -0.0202,  0.0180,
         0.0395,  0.0303,  0.0280,  0.0019,  0.0383,  0.0374, -0.0235,  0.0376,
        -0.0046,  0.0109, -0.0111,  0.0559,  0.0269, -0.0118,  0.0053,  0.0218,
         0.0480,  0.0594,  0.0167,  0.0041,  0.0007,  0.0762, -0.0192,  0.0290,
         0.0179,  0.0174,  0.0230,  0.0031,  0.0128,  0.0349,  0.0443, -0.0009,
         0.0458,  0.0302,  0.0157,  0.0357,  0.0549, -0.0247,  0.0524,  0.0030,
        -0.0243,  0.0339,  0.0179, -0.0113,  0.0647, -0.0222,  0.0074,  0.0336,
         0.0031,  0.0439, -0.0205, -0.0108, -0.0246, -0.0350, -0.0169, -0.0149,
        -0.0272,  0.0365,  0.0106,  0.0535,  0.0651,  0.0136, -0.0012, -0.0107,
        -0.0025,  0.0136,  0.0348, -0.0022,  0.0571,  0.0479, -0.0300, -0.0130,
         0.0163,  0.0259,  0.0239, -0.0038, -0.0102,  0.0282,  0.0273,  0.0169,
        -0.0305,  0.0101, -0.0209,  0.0101, -0.0077,  0.0450,  0.0473, -0.0145,
         0.0537, -0.0029,  0.0427, -0.0192, -0.0043,  0.0476,  0.0445,  0.0655,
         0.0174,  0.0363,  0.0213,  0.0048,  0.0324,  0.0240,  0.0015,  0.0196,
         0.0073,  0.0351, -0.0002,  0.0408,  0.0351, -0.0113, -0.0109, -0.0065,
         0.0218,  0.0392,  0.0601,  0.0401,  0.0143,  0.0049,  0.0171,  0.0376,
         0.0353,  0.0211, -0.0104, -0.0257, -0.0181, -0.0040,  0.0404,  0.0857,
         0.0360, -0.0296, -0.0022, -0.0025,  0.0164, -0.0122, -0.0084,  0.0325,
        -0.0210, -0.0113, -0.0055,  0.0353,  0.0195, -0.0170,  0.0087, -0.0267,
         0.0430,  0.0224,  0.0101,  0.0217,  0.0170, -0.0002, -0.0228,  0.0067,
         0.0032, -0.0103, -0.0135, -0.0020,  0.0304,  0.0312,  0.0323,  0.0286,
         0.0261,  0.0098, -0.0095,  0.0352,  0.0138,  0.0272,  0.0366, -0.0113,
         0.0400, -0.0010,  0.0039,  0.0558,  0.0250,  0.0107, -0.0280, -0.0257,
         0.0037,  0.0194, -0.0241, -0.0019,  0.0014,  0.0565,  0.0595,  0.0004])), ('fc2.weight', tensor([[-0.0376,  0.0158,  0.0555,  ..., -0.0434,  0.0459,  0.0466],
        [ 0.0654, -0.0538, -0.0188,  ..., -0.0414,  0.0013,  0.0499],
        [-0.0542,  0.0935,  0.0538,  ..., -0.0308,  0.0725,  0.0225],
        ...,
        [ 0.0931,  0.0018, -0.0536,  ...,  0.0335, -0.0073,  0.0042],
        [ 0.0536,  0.0344,  0.0176,  ...,  0.0040,  0.0776,  0.0032],
        [-0.0576, -0.0561,  0.0452,  ..., -0.0458, -0.0651,  0.0040]])), ('fc2.bias', tensor([ 0.0406,  0.0431,  0.0423, -0.0598,  0.0482,  0.0572,  0.0862, -0.0666,
         0.0184,  0.0156,  0.0849, -0.0457,  0.0157, -0.0365, -0.0309,  0.0336,
        -0.0332,  0.0564,  0.0150,  0.0554,  0.0484,  0.0041, -0.0077,  0.0750,
        -0.0501, -0.0291,  0.0551,  0.0005,  0.0716,  0.0071,  0.0136, -0.0168,
         0.0829,  0.0277, -0.0647, -0.0549, -0.0481, -0.0530, -0.0472, -0.0028,
        -0.0118,  0.0982, -0.0068,  0.0382, -0.0412,  0.0319, -0.0246,  0.0727,
         0.0770,  0.0314,  0.0298, -0.0542,  0.0513,  0.0088,  0.0433, -0.0366,
        -0.0027,  0.0700,  0.0155,  0.0106,  0.0584,  0.0450,  0.0124,  0.0231,
         0.0814, -0.0399,  0.0526,  0.0520, -0.0184,  0.0108,  0.0367, -0.0350,
        -0.0416, -0.0371, -0.0445, -0.0041, -0.0317,  0.0460,  0.0252,  0.0202,
        -0.0039,  0.0584,  0.0761,  0.0722, -0.0290,  0.0976, -0.0012, -0.0586,
         0.0480,  0.0498,  0.0128,  0.0522, -0.0481,  0.0485,  0.0250,  0.0350,
         0.0739,  0.0273,  0.0585, -0.0098, -0.0472, -0.0079,  0.0508, -0.0600,
         0.0664,  0.0001,  0.0368,  0.0167,  0.0563,  0.0519,  0.0740, -0.0572,
         0.0431,  0.0459, -0.0440, -0.0678,  0.0318,  0.0344,  0.0435, -0.0353,
         0.0702, -0.0694, -0.0118,  0.0408,  0.0912,  0.0643, -0.0151,  0.0489,
         0.0624, -0.0022,  0.0226, -0.0066, -0.0366,  0.1012,  0.0517, -0.0656,
        -0.0706,  0.0053,  0.0776,  0.0625, -0.0422, -0.0375,  0.0769, -0.0254,
         0.0295,  0.0671, -0.0642,  0.0664,  0.0527,  0.0812, -0.0234,  0.0576,
        -0.0198, -0.0668,  0.0296,  0.0128,  0.0898,  0.0649,  0.0742,  0.0292,
         0.0018,  0.0703, -0.0344,  0.0621,  0.0078, -0.0085, -0.0268,  0.0732,
         0.0547, -0.0516,  0.0594,  0.0088,  0.0805,  0.0480,  0.0382,  0.0484,
         0.0324,  0.0537,  0.0720,  0.0601,  0.0657, -0.0512,  0.0148,  0.0459,
         0.0447, -0.0573, -0.0252,  0.0353,  0.1007, -0.0531, -0.0278,  0.0572,
        -0.0024,  0.0789,  0.0067, -0.0406, -0.0199,  0.0764,  0.0469, -0.0497])), ('fc3.weight', tensor([[ 0.0447,  0.0524, -0.0096,  ...,  0.0245, -0.0858, -0.0200],
        [-0.0668,  0.0065,  0.0401,  ...,  0.0666,  0.0058, -0.0125],
        [ 0.0401, -0.0572, -0.0834,  ...,  0.1953,  0.0697, -0.0137],
        ...,
        [-0.0387, -0.0011, -0.0877,  ..., -0.0696, -0.0566,  0.0395],
        [ 0.0458, -0.0041,  0.1068,  ..., -0.0819,  0.0583, -0.0045],
        [ 0.0341, -0.0370,  0.1006,  ..., -0.1166, -0.0821, -0.0505]])), ('fc3.bias', tensor([-0.0852,  0.0933,  0.1074, -0.0124, -0.0917,  0.0208,  0.0294,  0.0243,
        -0.0895,  0.0539]))]), OrderedDict([('fc1.weight', tensor([[-0.0243,  0.0031,  0.0095,  ..., -0.0185,  0.0300,  0.0296],
        [-0.0270, -0.0096, -0.0154,  ..., -0.0116,  0.0305,  0.0260],
        [-0.0346, -0.0122, -0.0023,  ...,  0.0057, -0.0327,  0.0244],
        ...,
        [ 0.0076,  0.0176, -0.0203,  ..., -0.0072,  0.0327,  0.0161],
        [-0.0255, -0.0310,  0.0147,  ...,  0.0203,  0.0227,  0.0280],
        [-0.0041, -0.0092, -0.0295,  ...,  0.0164, -0.0227, -0.0229]])), ('fc1.bias', tensor([ 2.2330e-02,  6.5802e-02,  1.9891e-02, -3.1412e-02,  1.8374e-03,
         4.3999e-02, -3.2907e-02,  5.0777e-02,  3.2626e-02, -1.5687e-02,
         3.9779e-02, -1.8240e-02,  1.4979e-02, -1.3374e-02, -2.5727e-02,
         2.4971e-02,  4.8187e-02,  3.0219e-02,  2.9033e-02,  1.4548e-03,
         3.6777e-02,  3.6485e-02, -1.9328e-02,  3.9885e-02, -3.4090e-03,
         1.7822e-02, -8.5289e-03,  5.2415e-02,  2.7913e-02, -3.9739e-03,
         5.0279e-03,  2.4379e-02,  6.0707e-02,  5.8540e-02,  1.7243e-02,
         6.1455e-03,  1.3760e-03,  7.9984e-02, -1.3147e-02,  2.6067e-02,
         1.7655e-02,  1.6928e-02,  2.9358e-02,  8.0867e-03,  1.1397e-02,
         3.3663e-02,  4.6587e-02, -4.1519e-03,  4.6111e-02,  2.2510e-02,
         1.8980e-02,  3.1920e-02,  5.2618e-02, -2.8531e-02,  5.0768e-02,
         2.9214e-03, -2.4839e-02,  3.2002e-02,  1.7429e-02, -1.1348e-02,
         6.9741e-02, -2.1675e-02,  4.3193e-03,  3.8101e-02,  2.1692e-03,
         4.3770e-02, -2.0112e-02, -1.0230e-02, -2.4321e-02, -3.4385e-02,
        -1.7107e-02, -1.5826e-02, -2.6760e-02,  3.2710e-02,  1.9092e-02,
         6.4401e-02,  5.8224e-02,  1.8984e-02, -5.1872e-03, -1.1493e-02,
        -5.3291e-03,  1.1391e-02,  2.8109e-02, -3.8589e-05,  5.3548e-02,
         5.1948e-02, -3.0827e-02, -1.4381e-02,  1.5759e-02,  2.6177e-02,
         2.6972e-02, -6.3506e-03, -9.3472e-03,  3.0075e-02,  2.5542e-02,
         1.6043e-02, -3.0855e-02,  1.8272e-02, -2.2322e-02,  1.0247e-02,
        -1.1831e-02,  5.4999e-02,  4.1449e-02, -1.4176e-02,  5.2801e-02,
         1.3627e-03,  4.5808e-02, -1.9280e-02, -4.5348e-03,  4.5004e-02,
         4.3014e-02,  6.5100e-02,  1.7394e-02,  4.3069e-02,  2.3266e-02,
         5.2362e-03,  2.9099e-02,  2.0807e-02, -5.8143e-03,  2.4568e-02,
         1.8849e-02,  2.9503e-02,  4.4988e-03,  3.3008e-02,  4.0927e-02,
        -1.1077e-02, -9.3423e-03, -3.5731e-03,  2.1084e-02,  3.9994e-02,
         5.8641e-02,  4.5443e-02,  1.9801e-02,  3.8268e-03,  1.5253e-02,
         5.2244e-02,  4.5896e-02,  2.0695e-02, -5.6820e-03, -3.0340e-02,
        -3.3398e-03, -3.3109e-03,  4.2501e-02,  7.7525e-02,  3.6820e-02,
        -3.4336e-02, -2.3095e-03,  2.2944e-03,  2.1349e-02, -1.2086e-02,
        -8.4155e-03,  3.2822e-02, -2.0929e-02, -1.1081e-02, -3.1102e-04,
         4.2968e-02,  1.3585e-02, -1.6466e-02,  9.0576e-03, -2.6678e-02,
         4.5065e-02,  1.7940e-02,  1.0146e-02,  2.6855e-02,  1.6525e-02,
        -1.4535e-03, -2.1536e-02,  8.1758e-03,  6.0513e-03, -1.1171e-02,
        -1.2564e-02, -5.3828e-03,  3.6078e-02,  2.5409e-02,  3.2290e-02,
         3.5458e-02,  2.2629e-02,  8.3406e-03,  8.0183e-04,  4.3042e-02,
         1.8487e-02,  2.8566e-02,  3.4374e-02, -1.2751e-02,  3.7090e-02,
        -8.5274e-03,  3.0756e-03,  5.7961e-02,  2.3738e-02,  1.4975e-02,
        -2.8025e-02, -2.9005e-02,  2.5937e-03,  2.1552e-02, -2.5391e-02,
        -3.7110e-04, -9.1979e-04,  6.0298e-02,  5.7483e-02, -3.8684e-03])), ('fc2.weight', tensor([[-0.0425,  0.0170,  0.0537,  ..., -0.0445,  0.0455,  0.0460],
        [ 0.0654, -0.0538, -0.0188,  ..., -0.0414,  0.0013,  0.0499],
        [-0.0374,  0.0956,  0.0590,  ..., -0.0224,  0.0870,  0.0252],
        ...,
        [ 0.0806,  0.0062, -0.0527,  ...,  0.0284, -0.0151,  0.0009],
        [ 0.0493,  0.0366,  0.0179,  ...,  0.0023,  0.0757,  0.0018],
        [-0.0575, -0.0560,  0.0452,  ..., -0.0458, -0.0650,  0.0040]])), ('fc2.bias', tensor([ 0.0394,  0.0431,  0.0513, -0.0618,  0.0478,  0.0544,  0.0892, -0.0676,
         0.0265,  0.0156,  0.0920, -0.0479,  0.0162, -0.0413, -0.0161,  0.0434,
        -0.0340,  0.0634,  0.0153,  0.0554,  0.0497, -0.0005, -0.0159,  0.0783,
        -0.0515, -0.0291,  0.0548, -0.0011,  0.0721,  0.0070,  0.0136, -0.0059,
         0.0813,  0.0285, -0.0647, -0.0558, -0.0517, -0.0530, -0.0512,  0.0075,
        -0.0194,  0.0999, -0.0027,  0.0299, -0.0412,  0.0415, -0.0183,  0.0684,
         0.0727,  0.0306,  0.0250, -0.0551,  0.0461,  0.0088,  0.0433, -0.0366,
        -0.0048,  0.0640,  0.0216,  0.0167,  0.0492,  0.0399,  0.0124,  0.0180,
         0.0776, -0.0417,  0.0591,  0.0571, -0.0183,  0.0159,  0.0367, -0.0416,
        -0.0382, -0.0334, -0.0445, -0.0104, -0.0320,  0.0483,  0.0337,  0.0167,
        -0.0106,  0.0605,  0.0813,  0.0698, -0.0402,  0.1018, -0.0012, -0.0585,
         0.0480,  0.0579,  0.0106,  0.0474, -0.0467,  0.0484,  0.0366,  0.0302,
         0.0716,  0.0340,  0.0666, -0.0098, -0.0586, -0.0004,  0.0523, -0.0665,
         0.0640,  0.0001,  0.0257,  0.0246,  0.0606,  0.0499,  0.0780, -0.0473,
         0.0431,  0.0520, -0.0487, -0.0678,  0.0246,  0.0397,  0.0441, -0.0413,
         0.0673, -0.0694, -0.0074,  0.0408,  0.0889,  0.0594, -0.0150,  0.0488,
         0.0717, -0.0022,  0.0318, -0.0044, -0.0323,  0.1044,  0.0580, -0.0651,
        -0.0706,  0.0032,  0.0797,  0.0659, -0.0422, -0.0330,  0.0771, -0.0286,
         0.0295,  0.0705, -0.0642,  0.0726,  0.0440,  0.0779, -0.0246,  0.0560,
        -0.0245, -0.0668,  0.0303,  0.0220,  0.0902,  0.0659,  0.0729,  0.0338,
         0.0060,  0.0718, -0.0420,  0.0675,  0.0078, -0.0081, -0.0247,  0.0789,
         0.0467, -0.0523,  0.0567,  0.0023,  0.0781,  0.0523,  0.0440,  0.0463,
         0.0324,  0.0646,  0.0823,  0.0611,  0.0646, -0.0505,  0.0128,  0.0512,
         0.0418, -0.0567, -0.0256,  0.0377,  0.0994, -0.0556, -0.0265,  0.0610,
        -0.0003,  0.0774,  0.0067, -0.0382, -0.0225,  0.0794,  0.0483, -0.0496])), ('fc3.weight', tensor([[ 0.0457,  0.0524, -0.0112,  ...,  0.0256, -0.0848, -0.0200],
        [-0.0823,  0.0065,  0.1251,  ...,  0.1249,  0.0363, -0.0124],
        [ 0.0387, -0.0572, -0.1319,  ...,  0.1101,  0.0133, -0.0137],
        ...,
        [-0.0376, -0.0011, -0.0951,  ..., -0.0704, -0.0569,  0.0395],
        [ 0.0463, -0.0041,  0.1025,  ..., -0.0826,  0.0580, -0.0045],
        [ 0.0415, -0.0370,  0.0855,  ..., -0.1010, -0.0658, -0.0505]])), ('fc3.bias', tensor([-0.0859,  0.1647,  0.0645, -0.0141, -0.0913,  0.0195,  0.0291,  0.0198,
        -0.0923,  0.0362]))]), OrderedDict([('fc1.weight', tensor([[-0.0243,  0.0031,  0.0095,  ..., -0.0185,  0.0300,  0.0296],
        [-0.0270, -0.0096, -0.0154,  ..., -0.0116,  0.0305,  0.0260],
        [-0.0346, -0.0122, -0.0023,  ...,  0.0057, -0.0327,  0.0244],
        ...,
        [ 0.0076,  0.0176, -0.0203,  ..., -0.0072,  0.0327,  0.0161],
        [-0.0255, -0.0310,  0.0147,  ...,  0.0203,  0.0227,  0.0280],
        [-0.0041, -0.0092, -0.0295,  ...,  0.0164, -0.0227, -0.0229]])), ('fc1.bias', tensor([ 0.0281,  0.0599,  0.0176, -0.0265,  0.0038,  0.0395, -0.0326,  0.0496,
         0.0302, -0.0201,  0.0367, -0.0175,  0.0138, -0.0108, -0.0192,  0.0237,
         0.0395,  0.0257,  0.0282,  0.0040,  0.0430,  0.0357, -0.0225,  0.0386,
        -0.0049,  0.0132, -0.0043,  0.0574,  0.0303, -0.0118,  0.0056,  0.0256,
         0.0475,  0.0548,  0.0185,  0.0046,  0.0068,  0.0735, -0.0238,  0.0378,
         0.0138,  0.0119,  0.0237,  0.0048,  0.0105,  0.0349,  0.0450, -0.0021,
         0.0441,  0.0302,  0.0166,  0.0338,  0.0533, -0.0257,  0.0530,  0.0029,
        -0.0191,  0.0323,  0.0163, -0.0116,  0.0648, -0.0223,  0.0061,  0.0361,
         0.0073,  0.0414, -0.0208, -0.0109, -0.0211, -0.0347, -0.0138, -0.0129,
        -0.0267,  0.0333,  0.0104,  0.0594,  0.0681,  0.0143, -0.0008, -0.0085,
        -0.0024,  0.0079,  0.0346,  0.0013,  0.0580,  0.0561, -0.0268, -0.0145,
         0.0211,  0.0240,  0.0223, -0.0057, -0.0117,  0.0249,  0.0243,  0.0160,
        -0.0307,  0.0117, -0.0218,  0.0134, -0.0091,  0.0427,  0.0488, -0.0145,
         0.0526, -0.0018,  0.0421, -0.0192, -0.0117,  0.0476,  0.0397,  0.0663,
         0.0160,  0.0356,  0.0232,  0.0053,  0.0331,  0.0241,  0.0004,  0.0232,
         0.0072,  0.0292, -0.0019,  0.0427,  0.0354, -0.0144, -0.0073, -0.0020,
         0.0226,  0.0371,  0.0546,  0.0381,  0.0146,  0.0070,  0.0166,  0.0384,
         0.0385,  0.0213, -0.0103, -0.0292, -0.0162, -0.0060,  0.0436,  0.0841,
         0.0294, -0.0292, -0.0023, -0.0017,  0.0226, -0.0109, -0.0070,  0.0371,
        -0.0214, -0.0100, -0.0062,  0.0339,  0.0189, -0.0175,  0.0079, -0.0240,
         0.0453,  0.0254,  0.0101,  0.0219,  0.0231,  0.0018, -0.0222,  0.0125,
         0.0028, -0.0108, -0.0134, -0.0055,  0.0310,  0.0254,  0.0323,  0.0263,
         0.0214,  0.0089, -0.0089,  0.0332,  0.0139,  0.0291,  0.0363, -0.0097,
         0.0396, -0.0032,  0.0045,  0.0594,  0.0204,  0.0152, -0.0279, -0.0288,
         0.0018,  0.0196, -0.0214,  0.0037,  0.0028,  0.0648,  0.0583, -0.0003])), ('fc2.weight', tensor([[-0.0365,  0.0118,  0.0557,  ..., -0.0463,  0.0402,  0.0473],
        [ 0.0654, -0.0538, -0.0188,  ..., -0.0414,  0.0013,  0.0499],
        [-0.0533,  0.0905,  0.0538,  ..., -0.0308,  0.0689,  0.0229],
        ...,
        [ 0.0880,  0.0104, -0.0545,  ...,  0.0351,  0.0016,  0.0024],
        [ 0.0475,  0.0451,  0.0165,  ...,  0.0085,  0.0895,  0.0009],
        [-0.0576, -0.0561,  0.0452,  ..., -0.0458, -0.0651,  0.0040]])), ('fc2.bias', tensor([ 3.5816e-02,  4.3074e-02,  4.1425e-02, -5.7791e-02,  5.0112e-02,
         5.8780e-02,  8.7162e-02, -6.8282e-02,  2.3838e-02,  1.5604e-02,
         7.6455e-02, -4.6949e-02,  2.0793e-02, -3.2021e-02, -3.0378e-02,
         2.8016e-02, -4.1062e-02,  5.3437e-02,  1.5993e-02,  5.5380e-02,
         4.9643e-02,  2.9191e-06, -4.2981e-03,  8.1114e-02, -4.9928e-02,
        -2.9141e-02,  5.3620e-02,  4.0291e-03,  6.7393e-02,  9.9184e-03,
         1.3620e-02, -1.5966e-02,  8.8702e-02,  3.0728e-02, -6.4659e-02,
        -5.3779e-02, -4.8634e-02, -5.2981e-02, -4.9261e-02,  3.5181e-03,
        -1.5891e-02,  9.9283e-02,  2.2806e-03,  4.2050e-02, -4.1223e-02,
         4.2461e-02, -2.8618e-02,  6.8186e-02,  6.9965e-02,  3.9854e-02,
         2.8680e-02, -4.9224e-02,  5.3947e-02,  8.7668e-03,  4.3316e-02,
        -3.6612e-02, -7.5843e-03,  6.7733e-02,  1.2404e-02,  1.5649e-02,
         5.7576e-02,  4.3173e-02,  1.2262e-02,  1.7557e-02,  8.4314e-02,
        -3.8173e-02,  5.0986e-02,  5.3929e-02, -1.5430e-02,  9.7297e-03,
         3.6701e-02, -3.6669e-02, -3.8361e-02, -3.7754e-02, -4.4470e-02,
        -1.5254e-02, -2.9174e-02,  4.6252e-02,  3.0470e-02,  2.4036e-02,
        -1.6175e-03,  5.6956e-02,  7.3010e-02,  6.9368e-02, -3.6935e-02,
         9.0035e-02, -1.1849e-03, -5.1459e-02,  4.7974e-02,  5.3727e-02,
         1.0026e-02,  5.3349e-02, -4.8594e-02,  4.8416e-02,  3.0687e-02,
         3.5797e-02,  6.5006e-02,  2.5741e-02,  6.4264e-02, -9.7570e-03,
        -5.9393e-02, -1.1640e-02,  5.6946e-02, -6.5284e-02,  6.2901e-02,
         1.3954e-04,  3.3696e-02,  1.9555e-02,  6.0165e-02,  5.5787e-02,
         7.8987e-02, -5.7829e-02,  4.3102e-02,  5.2100e-02, -3.4820e-02,
        -6.7771e-02,  3.3875e-02,  3.8711e-02,  4.1302e-02, -3.5790e-02,
         6.6114e-02, -6.9361e-02, -1.4655e-02,  4.0813e-02,  9.5405e-02,
         6.3611e-02, -1.4980e-02,  4.9957e-02,  5.6152e-02, -2.1804e-03,
         2.8179e-02, -6.1309e-03, -3.7172e-02,  9.9456e-02,  5.3265e-02,
        -6.3306e-02, -7.0564e-02,  3.1975e-03,  7.1810e-02,  5.7285e-02,
        -4.2154e-02, -3.2109e-02,  7.7673e-02, -2.7017e-02,  2.9488e-02,
         5.9404e-02, -6.4209e-02,  6.8801e-02,  4.6836e-02,  8.0379e-02,
        -2.7459e-02,  6.2780e-02, -2.1314e-02, -6.6790e-02,  2.5481e-02,
         1.1463e-02,  9.9075e-02,  6.1405e-02,  6.9331e-02,  3.6671e-02,
         6.4551e-03,  7.4311e-02, -2.9537e-02,  7.0986e-02,  7.7816e-03,
        -1.2746e-02, -2.8992e-02,  7.3224e-02,  4.9581e-02, -5.2050e-02,
         6.0823e-02,  4.7782e-03,  8.2362e-02,  4.4856e-02,  3.8461e-02,
         5.2680e-02,  3.2371e-02,  5.1991e-02,  7.2620e-02,  6.2998e-02,
         6.5893e-02, -4.3876e-02,  1.4323e-02,  5.2576e-02,  5.1179e-02,
        -6.2567e-02, -2.4988e-02,  3.1571e-02,  9.9026e-02, -5.3023e-02,
        -2.1109e-02,  5.7471e-02, -4.8434e-03,  7.4307e-02,  6.6941e-03,
        -3.5907e-02, -1.7102e-02,  8.1428e-02,  5.6078e-02, -4.9685e-02])), ('fc3.weight', tensor([[ 0.0452,  0.0524, -0.0086,  ...,  0.0234, -0.0870, -0.0200],
        [-0.0662,  0.0065,  0.0415,  ...,  0.0645,  0.0036, -0.0125],
        [ 0.0309, -0.0572, -0.0939,  ...,  0.1877,  0.0585, -0.0137],
        ...,
        [-0.0379, -0.0011, -0.0857,  ..., -0.0714, -0.0584,  0.0395],
        [ 0.0461, -0.0041,  0.1074,  ..., -0.0826,  0.0575, -0.0045],
        [ 0.0113, -0.0370,  0.0217,  ..., -0.1029, -0.0819, -0.0505]])), ('fc3.bias', tensor([-0.0850,  0.0935,  0.0875, -0.0106, -0.0251,  0.0215,  0.0294,  0.0248,
        -0.0894,  0.0037]))]), OrderedDict([('fc1.weight', tensor([[-0.0243,  0.0031,  0.0095,  ..., -0.0185,  0.0300,  0.0296],
        [-0.0270, -0.0096, -0.0154,  ..., -0.0116,  0.0305,  0.0260],
        [-0.0346, -0.0122, -0.0023,  ...,  0.0057, -0.0327,  0.0244],
        ...,
        [ 0.0076,  0.0176, -0.0203,  ..., -0.0072,  0.0327,  0.0161],
        [-0.0255, -0.0310,  0.0147,  ...,  0.0203,  0.0227,  0.0280],
        [-0.0041, -0.0092, -0.0295,  ...,  0.0164, -0.0227, -0.0229]])), ('fc1.bias', tensor([ 0.0348,  0.0549,  0.0183, -0.0280,  0.0056,  0.0406, -0.0309,  0.0496,
         0.0339, -0.0148,  0.0344, -0.0129,  0.0081, -0.0143, -0.0173,  0.0199,
         0.0381,  0.0291,  0.0296,  0.0047,  0.0368,  0.0342, -0.0208,  0.0400,
        -0.0065,  0.0139, -0.0116,  0.0515,  0.0256, -0.0120,  0.0055,  0.0241,
         0.0476,  0.0557,  0.0170,  0.0074,  0.0088,  0.0736, -0.0206,  0.0276,
         0.0181,  0.0150,  0.0185,  0.0054,  0.0117,  0.0341,  0.0469, -0.0017,
         0.0400,  0.0246,  0.0195,  0.0351,  0.0465, -0.0237,  0.0477,  0.0037,
        -0.0199,  0.0354,  0.0175, -0.0105,  0.0654, -0.0191,  0.0105,  0.0314,
         0.0040,  0.0414, -0.0191, -0.0116, -0.0218, -0.0355, -0.0163, -0.0163,
        -0.0293,  0.0356,  0.0097,  0.0551,  0.0623,  0.0142, -0.0033, -0.0120,
        -0.0038,  0.0140,  0.0343,  0.0006,  0.0572,  0.0507, -0.0313, -0.0151,
         0.0118,  0.0246,  0.0228, -0.0066, -0.0116,  0.0286,  0.0244,  0.0199,
        -0.0311,  0.0130, -0.0208,  0.0098, -0.0102,  0.0435,  0.0449, -0.0115,
         0.0587, -0.0046,  0.0437, -0.0193, -0.0093,  0.0496,  0.0394,  0.0608,
         0.0190,  0.0357,  0.0231,  0.0060,  0.0374,  0.0245,  0.0012,  0.0210,
         0.0092,  0.0323, -0.0005,  0.0452,  0.0380, -0.0155, -0.0087,  0.0012,
         0.0237,  0.0403,  0.0580,  0.0352,  0.0147,  0.0027,  0.0161,  0.0376,
         0.0400,  0.0238, -0.0107, -0.0260, -0.0154, -0.0041,  0.0425,  0.0805,
         0.0322, -0.0294, -0.0023, -0.0028,  0.0150, -0.0127, -0.0060,  0.0381,
        -0.0212, -0.0079, -0.0052,  0.0297,  0.0154, -0.0176,  0.0109, -0.0238,
         0.0439,  0.0219,  0.0105,  0.0220,  0.0204, -0.0027, -0.0220,  0.0085,
         0.0006, -0.0040, -0.0109, -0.0096,  0.0308,  0.0247,  0.0323,  0.0199,
         0.0219,  0.0065, -0.0069,  0.0388,  0.0166,  0.0319,  0.0334, -0.0125,
         0.0419,  0.0039,  0.0051,  0.0518,  0.0228,  0.0116, -0.0220, -0.0263,
         0.0035,  0.0216, -0.0240, -0.0004,  0.0027,  0.0604,  0.0597,  0.0017])), ('fc2.weight', tensor([[-0.0399,  0.0144,  0.0557,  ..., -0.0464,  0.0402,  0.0478],
        [ 0.0654, -0.0538, -0.0188,  ..., -0.0414,  0.0013,  0.0499],
        [-0.0488,  0.0863,  0.0535,  ..., -0.0308,  0.0686,  0.0218],
        ...,
        [ 0.0825,  0.0127, -0.0539,  ...,  0.0328, -0.0027,  0.0044],
        [ 0.0496,  0.0416,  0.0167,  ...,  0.0070,  0.0867,  0.0007],
        [-0.0576, -0.0561,  0.0452,  ..., -0.0458, -0.0651,  0.0040]])), ('fc2.bias', tensor([ 0.0381,  0.0431,  0.0382, -0.0645,  0.0487,  0.0532,  0.0865, -0.0676,
         0.0193,  0.0156,  0.0829, -0.0468,  0.0195, -0.0363, -0.0311,  0.0321,
        -0.0342,  0.0509,  0.0170,  0.0554,  0.0484,  0.0035, -0.0080,  0.0798,
        -0.0509, -0.0291,  0.0502, -0.0018,  0.0695,  0.0064,  0.0136, -0.0171,
         0.0826,  0.0302, -0.0647, -0.0548, -0.0420, -0.0530, -0.0491, -0.0030,
        -0.0083,  0.0944, -0.0032,  0.0390, -0.0412,  0.0347, -0.0291,  0.0673,
         0.0781,  0.0346,  0.0311, -0.0531,  0.0517,  0.0088,  0.0433, -0.0366,
        -0.0014,  0.0647,  0.0146,  0.0146,  0.0593,  0.0360,  0.0130,  0.0193,
         0.0904, -0.0374,  0.0548,  0.0576, -0.0260,  0.0074,  0.0367, -0.0354,
        -0.0370, -0.0398, -0.0445, -0.0062, -0.0348,  0.0465,  0.0238,  0.0216,
        -0.0032,  0.0592,  0.0781,  0.0742, -0.0349,  0.0893, -0.0012, -0.0582,
         0.0480,  0.0521,  0.0066,  0.0500, -0.0424,  0.0484,  0.0298,  0.0330,
         0.0672,  0.0271,  0.0643, -0.0098, -0.0482, -0.0113,  0.0498, -0.0653,
         0.0686,  0.0001,  0.0315,  0.0105,  0.0571,  0.0501,  0.0746, -0.0586,
         0.0431,  0.0468, -0.0385, -0.0678,  0.0308,  0.0343,  0.0456, -0.0399,
         0.0755, -0.0693, -0.0093,  0.0408,  0.0996,  0.0660, -0.0150,  0.0369,
         0.0606, -0.0022,  0.0269, -0.0011, -0.0357,  0.0958,  0.0539, -0.0625,
        -0.0706,  0.0066,  0.0772,  0.0561, -0.0421, -0.0319,  0.0777, -0.0337,
         0.0295,  0.0631, -0.0642,  0.0706,  0.0477,  0.0785, -0.0223,  0.0594,
        -0.0165, -0.0668,  0.0290,  0.0110,  0.0911,  0.0649,  0.0686,  0.0284,
         0.0108,  0.0696, -0.0304,  0.0587,  0.0078, -0.0125, -0.0275,  0.0733,
         0.0534, -0.0518,  0.0624,  0.0104,  0.0865,  0.0479,  0.0433,  0.0444,
         0.0324,  0.0519,  0.0753,  0.0521,  0.0665, -0.0521,  0.0105,  0.0462,
         0.0441, -0.0624, -0.0260,  0.0320,  0.1028, -0.0577, -0.0306,  0.0615,
        -0.0081,  0.0826,  0.0067, -0.0417, -0.0163,  0.0821,  0.0529, -0.0497])), ('fc3.weight', tensor([[ 0.0452,  0.0524, -0.0096,  ...,  0.0226, -0.0880, -0.0200],
        [-0.0660,  0.0065,  0.0414,  ...,  0.0644,  0.0033, -0.0125],
        [ 0.0318, -0.0572, -0.1002,  ...,  0.1909,  0.0410, -0.0137],
        ...,
        [-0.0373, -0.0011, -0.0836,  ..., -0.0701, -0.0575,  0.0395],
        [ 0.0460, -0.0041,  0.1064,  ..., -0.0834,  0.0567, -0.0045],
        [ 0.0121, -0.0370,  0.0243,  ..., -0.1015, -0.0808, -0.0505]])), ('fc3.bias', tensor([-0.0858,  0.0934,  0.1085, -0.0117, -0.0919,  0.0220,  0.0738,  0.0264,
        -0.0902,  0.0057]))]), OrderedDict([('fc1.weight', tensor([[-0.0243,  0.0031,  0.0095,  ..., -0.0185,  0.0300,  0.0296],
        [-0.0270, -0.0096, -0.0154,  ..., -0.0116,  0.0305,  0.0260],
        [-0.0346, -0.0122, -0.0023,  ...,  0.0057, -0.0327,  0.0244],
        ...,
        [ 0.0076,  0.0176, -0.0203,  ..., -0.0072,  0.0327,  0.0161],
        [-0.0255, -0.0310,  0.0147,  ...,  0.0203,  0.0227,  0.0280],
        [-0.0041, -0.0092, -0.0295,  ...,  0.0164, -0.0227, -0.0229]])), ('fc1.bias', tensor([ 0.0241,  0.0635,  0.0197, -0.0312,  0.0012,  0.0451, -0.0350,  0.0498,
         0.0333, -0.0139,  0.0418, -0.0187,  0.0123, -0.0132, -0.0238,  0.0261,
         0.0475,  0.0319,  0.0283,  0.0036,  0.0366,  0.0337, -0.0185,  0.0406,
        -0.0041,  0.0210, -0.0102,  0.0488,  0.0291, -0.0020,  0.0050,  0.0249,
         0.0637,  0.0579,  0.0163,  0.0094,  0.0003,  0.0809, -0.0132,  0.0258,
         0.0186,  0.0167,  0.0296,  0.0106,  0.0110,  0.0331,  0.0482, -0.0040,
         0.0452,  0.0148,  0.0170,  0.0284,  0.0492, -0.0254,  0.0480,  0.0029,
        -0.0239,  0.0314,  0.0166, -0.0112,  0.0722, -0.0186,  0.0049,  0.0383,
         0.0019,  0.0426, -0.0171, -0.0102, -0.0212, -0.0344, -0.0156, -0.0190,
        -0.0317,  0.0326,  0.0195,  0.0671,  0.0560,  0.0216, -0.0055, -0.0109,
        -0.0037,  0.0094,  0.0249,  0.0029,  0.0525,  0.0533, -0.0295, -0.0188,
         0.0126,  0.0222,  0.0234, -0.0051, -0.0146,  0.0306,  0.0252,  0.0149,
        -0.0308,  0.0192, -0.0200,  0.0097, -0.0123,  0.0579,  0.0394, -0.0143,
         0.0554,  0.0024,  0.0465, -0.0193, -0.0073,  0.0469,  0.0390,  0.0634,
         0.0170,  0.0439,  0.0243,  0.0054,  0.0298,  0.0229, -0.0048,  0.0282,
         0.0231,  0.0282,  0.0056,  0.0335,  0.0427, -0.0137, -0.0108,  0.0004,
         0.0209,  0.0402,  0.0558,  0.0443,  0.0227,  0.0028,  0.0159,  0.0548,
         0.0519,  0.0193, -0.0070, -0.0328,  0.0011, -0.0073,  0.0437,  0.0732,
         0.0337, -0.0346, -0.0023,  0.0037,  0.0235, -0.0119, -0.0110,  0.0352,
        -0.0185, -0.0116,  0.0027,  0.0432,  0.0105, -0.0166,  0.0098, -0.0263,
         0.0446,  0.0159,  0.0098,  0.0294,  0.0156, -0.0038, -0.0225,  0.0092,
         0.0069, -0.0112, -0.0072, -0.0104,  0.0366,  0.0223,  0.0323,  0.0331,
         0.0216,  0.0057,  0.0028,  0.0445,  0.0209,  0.0281,  0.0327, -0.0118,
         0.0371, -0.0066,  0.0045,  0.0577,  0.0196,  0.0170, -0.0278, -0.0293,
         0.0013,  0.0192, -0.0248, -0.0011, -0.0036,  0.0635,  0.0550, -0.0057])), ('fc2.weight', tensor([[-0.0375,  0.0195,  0.0576,  ..., -0.0406,  0.0474,  0.0462],
        [ 0.0654, -0.0538, -0.0188,  ..., -0.0414,  0.0013,  0.0499],
        [-0.0390,  0.0931,  0.0579,  ..., -0.0248,  0.0835,  0.0251],
        ...,
        [ 0.0741,  0.0061, -0.0582,  ...,  0.0258, -0.0117,  0.0004],
        [ 0.0519,  0.0470,  0.0200,  ...,  0.0117,  0.0907,  0.0016],
        [-0.0576, -0.0561,  0.0452,  ..., -0.0459, -0.0651,  0.0040]])), ('fc2.bias', tensor([ 0.0391,  0.0431,  0.0503, -0.0666,  0.0495,  0.0525,  0.0885, -0.0677,
         0.0295,  0.0156,  0.0883, -0.0488,  0.0158, -0.0401, -0.0155,  0.0424,
        -0.0324,  0.0628,  0.0154,  0.0554,  0.0482, -0.0025, -0.0204,  0.0811,
        -0.0514, -0.0291,  0.0514,  0.0004,  0.0681,  0.0052,  0.0136, -0.0016,
         0.0820,  0.0293, -0.0647, -0.0555, -0.0514, -0.0530, -0.0523,  0.0087,
        -0.0163,  0.1018, -0.0008,  0.0276, -0.0412,  0.0469, -0.0191,  0.0666,
         0.0718,  0.0303,  0.0260, -0.0557,  0.0474,  0.0088,  0.0433, -0.0366,
        -0.0030,  0.0614,  0.0259,  0.0182,  0.0456,  0.0369,  0.0126,  0.0144,
         0.0835, -0.0389,  0.0585,  0.0609, -0.0209,  0.0161,  0.0367, -0.0407,
        -0.0372, -0.0335, -0.0445, -0.0112, -0.0327,  0.0488,  0.0358,  0.0191,
        -0.0117,  0.0617,  0.0826,  0.0691, -0.0437,  0.1001, -0.0012, -0.0552,
         0.0480,  0.0589,  0.0036,  0.0467, -0.0448,  0.0491,  0.0402,  0.0294,
         0.0646,  0.0364,  0.0717, -0.0098, -0.0624, -0.0011,  0.0558, -0.0677,
         0.0629,  0.0001,  0.0237,  0.0246,  0.0644,  0.0514,  0.0781, -0.0458,
         0.0431,  0.0567, -0.0481, -0.0678,  0.0252,  0.0434,  0.0453, -0.0482,
         0.0682, -0.0694, -0.0070,  0.0408,  0.0901,  0.0588, -0.0150,  0.0461,
         0.0710, -0.0022,  0.0346, -0.0040, -0.0314,  0.1064,  0.0612, -0.0635,
        -0.0706,  0.0001,  0.0788,  0.0646, -0.0422, -0.0293,  0.0748, -0.0311,
         0.0295,  0.0686, -0.0642,  0.0752,  0.0413,  0.0760, -0.0252,  0.0540,
        -0.0252, -0.0668,  0.0277,  0.0205,  0.0925,  0.0666,  0.0668,  0.0354,
         0.0097,  0.0723, -0.0434,  0.0702,  0.0078, -0.0070, -0.0242,  0.0774,
         0.0426, -0.0528,  0.0576,  0.0034,  0.0779,  0.0536,  0.0481,  0.0442,
         0.0324,  0.0656,  0.0849,  0.0577,  0.0648, -0.0519,  0.0099,  0.0533,
         0.0419, -0.0592, -0.0268,  0.0372,  0.0994, -0.0579, -0.0284,  0.0585,
        -0.0021,  0.0792,  0.0067, -0.0368, -0.0202,  0.0821,  0.0520, -0.0497])), ('fc3.weight', tensor([[ 0.0456,  0.0524, -0.0109,  ...,  0.0251, -0.0862, -0.0200],
        [-0.0893,  0.0065,  0.1115,  ...,  0.1111,  0.0089, -0.0124],
        [ 0.0383, -0.0572, -0.1344,  ...,  0.1085,  0.0107, -0.0137],
        ...,
        [-0.0372, -0.0011, -0.0929,  ..., -0.0710, -0.0587,  0.0395],
        [ 0.0461, -0.0041,  0.1020,  ..., -0.0833,  0.0565, -0.0045],
        [ 0.0123, -0.0370,  0.0207,  ..., -0.0991, -0.0798, -0.0505]])), ('fc3.bias', tensor([-0.0857,  0.1753,  0.0629,  0.0076, -0.0898,  0.0180,  0.0291,  0.0208,
        -0.0927,  0.0047]))]), OrderedDict([('fc1.weight', tensor([[-0.0243,  0.0031,  0.0095,  ..., -0.0185,  0.0300,  0.0296],
        [-0.0270, -0.0096, -0.0154,  ..., -0.0116,  0.0305,  0.0260],
        [-0.0346, -0.0122, -0.0023,  ...,  0.0057, -0.0327,  0.0244],
        ...,
        [ 0.0076,  0.0176, -0.0203,  ..., -0.0072,  0.0327,  0.0161],
        [-0.0255, -0.0310,  0.0147,  ...,  0.0203,  0.0227,  0.0280],
        [-0.0041, -0.0092, -0.0295,  ...,  0.0164, -0.0227, -0.0229]])), ('fc1.bias', tensor([ 0.0196,  0.0715,  0.0296, -0.0242,  0.0017,  0.0362, -0.0299,  0.0693,
         0.0372, -0.0147,  0.0299, -0.0206,  0.0051, -0.0182, -0.0184,  0.0095,
         0.0397,  0.0258,  0.0284, -0.0029,  0.0359,  0.0332, -0.0255,  0.0374,
         0.0114,  0.0099, -0.0080,  0.0515,  0.0281, -0.0158,  0.0047,  0.0183,
         0.0518,  0.0711,  0.0158,  0.0036,  0.0174,  0.0639, -0.0290,  0.0261,
        -0.0013,  0.0319,  0.0384,  0.0064,  0.0137,  0.0343,  0.0572,  0.0116,
         0.0514,  0.0498,  0.0202,  0.0373,  0.0520, -0.0270,  0.0503,  0.0002,
        -0.0265,  0.0141,  0.0251, -0.0049,  0.0507, -0.0224,  0.0220,  0.0311,
        -0.0031,  0.0453, -0.0197, -0.0114, -0.0247, -0.0350, -0.0258, -0.0152,
        -0.0279,  0.0298,  0.0104,  0.0457,  0.0727, -0.0052, -0.0016, -0.0038,
        -0.0048,  0.0235,  0.0525, -0.0195,  0.0601,  0.0497, -0.0170, -0.0190,
         0.0106,  0.0215,  0.0341,  0.0134, -0.0132,  0.0107,  0.0219,  0.0152,
        -0.0294,  0.0182, -0.0203,  0.0114, -0.0065,  0.0467,  0.0496, -0.0137,
         0.0482, -0.0061,  0.0424, -0.0184, -0.0089,  0.0483,  0.0350,  0.0738,
         0.0150,  0.0460,  0.0229, -0.0010,  0.0243,  0.0295,  0.0090,  0.0031,
         0.0010,  0.0164, -0.0073,  0.0366,  0.0478, -0.0065, -0.0133, -0.0187,
         0.0213,  0.0526,  0.0630,  0.0357,  0.0158,  0.0297,  0.0332,  0.0397,
         0.0340,  0.0248, -0.0095, -0.0307, -0.0282, -0.0079,  0.0352,  0.0987,
         0.0306, -0.0319, -0.0022, -0.0020,  0.0067, -0.0113, -0.0063,  0.0354,
        -0.0229, -0.0095, -0.0058,  0.0300,  0.0099, -0.0159,  0.0321, -0.0306,
         0.0331,  0.0112,  0.0094,  0.0184,  0.0157,  0.0061, -0.0250,  0.0160,
         0.0100, -0.0031, -0.0104,  0.0005,  0.0402,  0.0231,  0.0321,  0.0456,
         0.0210,  0.0145, -0.0094,  0.0377,  0.0194,  0.0452,  0.0421,  0.0001,
         0.0385, -0.0243,  0.0096,  0.0512,  0.0219,  0.0145, -0.0279, -0.0305,
        -0.0045,  0.0141, -0.0277, -0.0011, -0.0180,  0.0808,  0.0517,  0.0011])), ('fc2.weight', tensor([[-0.0384,  0.0174,  0.0566,  ..., -0.0428,  0.0471,  0.0466],
        [ 0.0654, -0.0538, -0.0188,  ..., -0.0414,  0.0013,  0.0499],
        [-0.0315,  0.1012,  0.0658,  ..., -0.0137,  0.0957,  0.0266],
        ...,
        [ 0.0760,  0.0073, -0.0508,  ...,  0.0347, -0.0202,  0.0007],
        [ 0.0554,  0.0412,  0.0258,  ...,  0.0109,  0.0825,  0.0033],
        [-0.0576, -0.0561,  0.0452,  ..., -0.0458, -0.0651,  0.0040]])), ('fc2.bias', tensor([ 0.0397,  0.0431,  0.0544, -0.0621,  0.0702,  0.0580,  0.0930, -0.0685,
         0.0319,  0.0156,  0.0980, -0.0345,  0.0069, -0.0423, -0.0287,  0.0236,
        -0.0391,  0.0734,  0.0154,  0.0554,  0.0608,  0.0161, -0.0077,  0.0708,
        -0.0493, -0.0291,  0.0568, -0.0079,  0.0732,  0.0068,  0.0136, -0.0064,
         0.1142,  0.0308, -0.0647, -0.0569, -0.0399, -0.0530, -0.0465,  0.0098,
        -0.0232,  0.0861,  0.0129,  0.0295, -0.0412,  0.0325, -0.0355,  0.0760,
         0.0757,  0.0254,  0.0293, -0.0387,  0.0482,  0.0088,  0.0433, -0.0362,
        -0.0190,  0.0805,  0.0078,  0.0038,  0.0407,  0.0354,  0.0125,  0.0170,
         0.0745, -0.0437,  0.0574,  0.0549, -0.0233,  0.0103,  0.0367, -0.0468,
        -0.0500, -0.0275, -0.0445, -0.0128, -0.0435,  0.0667,  0.0321,  0.0079,
        -0.0151,  0.0580,  0.0795,  0.0589, -0.0154,  0.1126, -0.0012, -0.0465,
         0.0480,  0.0472,  0.0160,  0.0602, -0.0467,  0.0471,  0.0127,  0.0335,
         0.0730,  0.0338,  0.0450, -0.0098, -0.0608,  0.0126,  0.0448, -0.0691,
         0.0704,  0.0001,  0.0380,  0.0154,  0.0559,  0.0497,  0.0874, -0.0574,
         0.0431,  0.0451, -0.0397, -0.0678,  0.0239,  0.0455,  0.0298, -0.0461,
         0.0677, -0.0694, -0.0093,  0.0408,  0.1013,  0.0496, -0.0150,  0.0401,
         0.0484, -0.0021,  0.0083, -0.0040, -0.0387,  0.1202,  0.0467, -0.0597,
        -0.0706, -0.0092,  0.0708,  0.0496, -0.0421, -0.0267,  0.0699, -0.0345,
         0.0295,  0.0566, -0.0642,  0.0630,  0.0648,  0.0792, -0.0348,  0.0520,
        -0.0244, -0.0668,  0.0442,  0.0094,  0.0803,  0.0724,  0.0782,  0.0300,
         0.0002,  0.0622, -0.0211,  0.0643,  0.0078, -0.0163, -0.0324,  0.0734,
         0.0495, -0.0549,  0.0547,  0.0164,  0.0986,  0.0412,  0.0361,  0.0504,
         0.0324,  0.0591,  0.0704,  0.0558,  0.0641, -0.0551,  0.0195,  0.0317,
         0.0398, -0.0554, -0.0278,  0.0231,  0.0875, -0.0571, -0.0294,  0.0564,
        -0.0103,  0.0669,  0.0067, -0.0516, -0.0239,  0.0841,  0.0522, -0.0497])), ('fc3.weight', tensor([[ 0.0425,  0.0524, -0.0203,  ...,  0.0250, -0.0883, -0.0200],
        [-0.0690,  0.0065,  0.0305,  ...,  0.0692,  0.0043, -0.0125],
        [ 0.0369, -0.0572, -0.1335,  ...,  0.1111,  0.0120, -0.0137],
        ...,
        [-0.0406, -0.0011, -0.0975,  ..., -0.0681, -0.0587,  0.0395],
        [ 0.0552, -0.0041,  0.1980,  ..., -0.0681,  0.0913, -0.0045],
        [ 0.0205, -0.0370,  0.0270,  ..., -0.1215, -0.0954, -0.0505]])), ('fc3.bias', tensor([-0.0895,  0.0904,  0.0649, -0.0174, -0.0938,  0.1315,  0.0272,  0.0209,
        -0.1116,  0.0276]))]), OrderedDict([('fc1.weight', tensor([[-0.0243,  0.0031,  0.0095,  ..., -0.0185,  0.0300,  0.0296],
        [-0.0270, -0.0096, -0.0154,  ..., -0.0116,  0.0305,  0.0260],
        [-0.0346, -0.0122, -0.0023,  ...,  0.0057, -0.0327,  0.0244],
        ...,
        [ 0.0076,  0.0176, -0.0203,  ..., -0.0072,  0.0327,  0.0161],
        [-0.0255, -0.0310,  0.0147,  ...,  0.0203,  0.0227,  0.0280],
        [-0.0041, -0.0092, -0.0295,  ...,  0.0164, -0.0227, -0.0229]])), ('fc1.bias', tensor([ 2.4862e-02,  6.3945e-02,  2.2828e-02, -2.5944e-02,  3.0270e-03,
         3.4962e-02, -2.6899e-02,  5.3230e-02,  3.1410e-02, -1.7014e-02,
         3.4132e-02, -1.7324e-02,  1.0352e-02, -1.2887e-02, -2.2587e-02,
         1.6835e-02,  3.9247e-02,  2.6725e-02,  2.8781e-02,  4.5825e-03,
         3.9065e-02,  3.6008e-02, -2.5269e-02,  4.0072e-02, -5.6821e-03,
         1.3533e-02, -1.2647e-02,  4.6780e-02,  2.9567e-02, -9.4057e-03,
         4.6375e-03,  1.9294e-02,  5.1599e-02,  6.2704e-02,  2.2968e-02,
         4.7588e-03,  6.7152e-03,  7.2343e-02, -1.7626e-02,  2.5152e-02,
         1.5629e-02,  2.4263e-02,  2.5235e-02,  1.1085e-02,  1.1214e-02,
         3.5483e-02,  4.6611e-02, -2.0839e-03,  5.1500e-02,  2.1949e-02,
         2.0970e-02,  3.2583e-02,  4.6638e-02, -1.9141e-02,  4.6188e-02,
         2.8592e-03, -2.6963e-02,  3.3495e-02,  1.8421e-02, -1.0753e-02,
         6.3301e-02, -1.4808e-02,  6.9758e-03,  3.1129e-02, -3.1634e-04,
         4.1348e-02, -1.9322e-02, -1.1066e-02, -2.0060e-02, -3.4764e-02,
        -1.5698e-02, -1.8218e-02, -2.6817e-02,  3.1629e-02,  1.0091e-02,
         5.3420e-02,  6.0747e-02,  1.0884e-02, -4.5717e-03, -6.5102e-03,
         4.2182e-06,  1.2606e-02,  2.9967e-02, -3.5424e-03,  6.1491e-02,
         4.6225e-02, -2.5724e-02, -1.8561e-02,  1.0605e-02,  2.3217e-02,
         2.2707e-02, -1.6662e-03, -1.5521e-02,  2.4328e-02,  2.9529e-02,
         1.3981e-02, -3.0681e-02,  1.6325e-02, -1.8559e-02,  9.1364e-03,
        -8.4153e-03,  4.7340e-02,  4.6742e-02, -9.8121e-03,  5.4179e-02,
        -7.7415e-03,  4.4565e-02, -1.8596e-02, -4.5074e-03,  4.9653e-02,
         3.9509e-02,  6.6559e-02,  1.7683e-02,  4.0149e-02,  2.3898e-02,
         6.7417e-03,  2.8984e-02,  2.9666e-02,  1.6672e-03,  1.6455e-02,
         1.2457e-02,  2.9350e-02,  1.1611e-03,  3.4362e-02,  4.1248e-02,
        -1.5977e-02, -8.7484e-03, -1.8378e-04,  2.2403e-02,  4.0561e-02,
         5.5395e-02,  3.9387e-02,  1.6534e-02,  8.1981e-03,  1.5588e-02,
         3.7082e-02,  4.3814e-02,  2.1651e-02, -1.0247e-02, -2.7828e-02,
        -1.4155e-02, -2.7170e-03,  4.0626e-02,  8.0088e-02,  2.9536e-02,
        -3.1714e-02, -2.3110e-03, -1.4725e-03,  1.6109e-02, -1.2148e-02,
        -9.1420e-03,  3.3967e-02, -2.1077e-02, -1.1339e-02, -5.1764e-03,
         3.6038e-02,  9.5769e-03, -1.7490e-02,  1.0031e-02, -2.5103e-02,
         4.0033e-02,  1.8546e-02,  1.1072e-02,  2.5341e-02,  1.9097e-02,
        -3.7897e-03, -2.2541e-02,  7.5371e-03,  1.0830e-03, -8.7226e-03,
        -7.8774e-03, -4.7076e-03,  2.9038e-02,  2.5460e-02,  3.2358e-02,
         3.0938e-02,  2.1970e-02,  6.1665e-03, -9.9203e-03,  3.4165e-02,
         2.1060e-02,  3.0278e-02,  3.5285e-02, -6.3127e-03,  3.7834e-02,
        -5.0339e-04,  1.1402e-02,  5.3810e-02,  2.1330e-02,  1.2741e-02,
        -2.5813e-02, -2.7980e-02,  3.4863e-03,  1.9183e-02, -2.4490e-02,
        -7.1422e-04, -2.5682e-03,  6.3621e-02,  5.3436e-02, -3.0516e-03])), ('fc2.weight', tensor([[-0.0392,  0.0156,  0.0547,  ..., -0.0454,  0.0481,  0.0467],
        [ 0.0654, -0.0538, -0.0188,  ..., -0.0414,  0.0013,  0.0499],
        [-0.0388,  0.0916,  0.0538,  ..., -0.0296,  0.0960,  0.0266],
        ...,
        [ 0.0702,  0.0036, -0.0587,  ...,  0.0252, -0.0245, -0.0002],
        [ 0.0531,  0.0477,  0.0212,  ...,  0.0128,  0.0914,  0.0015],
        [-0.0576, -0.0561,  0.0452,  ..., -0.0458, -0.0651,  0.0040]])), ('fc2.bias', tensor([ 3.9560e-02,  4.3074e-02,  4.6270e-02, -6.6993e-02,  6.0077e-02,
         5.4113e-02,  8.8648e-02, -6.8940e-02,  1.9821e-02,  1.5604e-02,
         7.5116e-02, -4.2675e-02,  1.3013e-02, -3.6553e-02, -2.9830e-02,
         3.3278e-02, -2.9770e-02,  6.2123e-02,  1.5746e-02,  5.5380e-02,
         5.3441e-02, -9.5248e-04, -1.7429e-02,  7.7819e-02, -4.7226e-02,
        -2.9141e-02,  4.6402e-02,  7.1237e-03,  6.9853e-02,  2.3295e-03,
         1.3620e-02, -6.8360e-03,  8.3781e-02,  3.1941e-02, -6.4659e-02,
        -5.7515e-02, -5.0032e-02, -5.2981e-02, -4.8518e-02, -3.5915e-05,
        -6.6255e-03,  9.4465e-02,  2.3407e-03,  2.6600e-02, -4.1223e-02,
         3.8875e-02, -2.8981e-02,  7.6243e-02,  7.8276e-02,  2.7431e-02,
         3.0194e-02, -5.3780e-02,  5.5633e-02,  8.7668e-03,  4.3316e-02,
        -3.6582e-02, -2.2450e-04,  6.8412e-02,  2.1633e-02,  1.2871e-02,
         4.5399e-02,  4.4863e-02,  1.2501e-02,  1.6679e-02,  8.7201e-02,
        -3.3570e-02,  4.7522e-02,  6.0355e-02, -1.9640e-02,  1.0982e-02,
         3.6701e-02, -3.9686e-02, -4.1560e-02, -3.7637e-02, -4.4470e-02,
        -6.4235e-03, -2.8846e-02,  4.9531e-02,  2.9077e-02,  2.5708e-02,
        -9.9376e-03,  6.6404e-02,  7.4169e-02,  7.3812e-02, -3.0080e-02,
         9.7816e-02, -1.1849e-03, -5.6118e-02,  4.7974e-02,  4.5847e-02,
         4.4691e-03,  5.3322e-02, -4.7828e-02,  5.0740e-02,  2.8204e-02,
         3.3562e-02,  6.5176e-02,  2.8519e-02,  6.3347e-02, -9.7570e-03,
        -5.2466e-02, -1.0737e-02,  5.6537e-02, -6.8327e-02,  6.2909e-02,
         1.3954e-04,  3.4427e-02,  1.9340e-02,  6.3852e-02,  5.9052e-02,
         7.8879e-02, -5.8225e-02,  4.3102e-02,  4.6801e-02, -4.3694e-02,
        -6.7771e-02,  3.1510e-02,  4.3289e-02,  4.0012e-02, -4.8627e-02,
         7.2164e-02, -6.9361e-02, -6.5644e-03,  4.0813e-02,  8.8681e-02,
         6.2678e-02, -1.4939e-02,  3.8345e-02,  5.4383e-02, -2.1804e-03,
         1.9853e-02, -3.1035e-03, -3.7450e-02,  1.0916e-01,  4.9619e-02,
        -5.8659e-02, -7.0564e-02,  2.9772e-03,  7.2374e-02,  6.2768e-02,
        -4.2162e-02, -2.5300e-02,  7.4464e-02, -3.0512e-02,  2.9488e-02,
         6.7649e-02, -6.4209e-02,  7.0239e-02,  5.4182e-02,  8.0357e-02,
        -2.5856e-02,  5.4373e-02, -1.9906e-02, -6.6790e-02,  3.0122e-02,
         8.5856e-03,  9.1471e-02,  6.0613e-02,  6.6885e-02,  3.3178e-02,
         6.5186e-03,  7.0832e-02, -3.4743e-02,  6.1231e-02,  7.7816e-03,
        -9.6860e-03, -2.6250e-02,  7.2658e-02,  4.3337e-02, -5.1322e-02,
         6.6424e-02,  2.1293e-03,  8.5105e-02,  5.1388e-02,  4.5170e-02,
         4.5970e-02,  3.2371e-02,  5.6104e-02,  7.5746e-02,  5.4598e-02,
         6.5693e-02, -4.8962e-02,  1.0073e-02,  4.6751e-02,  4.0343e-02,
        -6.0483e-02, -2.7459e-02,  3.3791e-02,  9.4558e-02, -5.2605e-02,
        -2.8772e-02,  5.6525e-02, -1.8460e-03,  8.0613e-02,  6.6941e-03,
        -4.2384e-02, -1.7806e-02,  7.1347e-02,  5.7673e-02, -4.9685e-02])), ('fc3.weight', tensor([[ 0.0443,  0.0524, -0.0126,  ...,  0.0266, -0.0878, -0.0200],
        [-0.0684,  0.0065,  0.0312,  ...,  0.0691,  0.0009, -0.0125],
        [ 0.0369, -0.0572, -0.1344,  ...,  0.1110,  0.0096, -0.0137],
        ...,
        [-0.0386, -0.0011, -0.0890,  ..., -0.0665, -0.0584,  0.0395],
        [ 0.0786, -0.0041,  0.2570,  ..., -0.0768,  0.0809, -0.0045],
        [ 0.0103, -0.0370,  0.0162,  ..., -0.0978, -0.0826, -0.0505]])), ('fc3.bias', tensor([-0.0850,  0.0918,  0.0650,  0.0557, -0.0878,  0.0172,  0.0301,  0.0261,
        -0.0673,  0.0046]))]), OrderedDict([('fc1.weight', tensor([[-0.0243,  0.0031,  0.0095,  ..., -0.0185,  0.0300,  0.0296],
        [-0.0270, -0.0096, -0.0154,  ..., -0.0116,  0.0305,  0.0260],
        [-0.0346, -0.0122, -0.0023,  ...,  0.0057, -0.0327,  0.0244],
        ...,
        [ 0.0076,  0.0176, -0.0203,  ..., -0.0072,  0.0327,  0.0161],
        [-0.0255, -0.0310,  0.0147,  ...,  0.0203,  0.0227,  0.0280],
        [-0.0041, -0.0092, -0.0295,  ...,  0.0164, -0.0227, -0.0229]])), ('fc1.bias', tensor([ 0.0273,  0.0614,  0.0224, -0.0286,  0.0011,  0.0399, -0.0280,  0.0523,
         0.0334, -0.0155,  0.0361, -0.0177,  0.0108, -0.0131, -0.0209,  0.0208,
         0.0462,  0.0302,  0.0282,  0.0044,  0.0352,  0.0334, -0.0200,  0.0380,
        -0.0058,  0.0169, -0.0126,  0.0484,  0.0305, -0.0054,  0.0044,  0.0227,
         0.0559,  0.0601,  0.0172,  0.0073,  0.0022,  0.0774, -0.0157,  0.0283,
         0.0174,  0.0198,  0.0258,  0.0098,  0.0120,  0.0338,  0.0478, -0.0028,
         0.0452,  0.0169,  0.0186,  0.0310,  0.0474, -0.0234,  0.0464,  0.0027,
        -0.0251,  0.0318,  0.0179, -0.0106,  0.0687, -0.0190,  0.0068,  0.0335,
         0.0021,  0.0452, -0.0170, -0.0099, -0.0218, -0.0342, -0.0154, -0.0188,
        -0.0310,  0.0353,  0.0153,  0.0607,  0.0595,  0.0167, -0.0029, -0.0065,
        -0.0012,  0.0117,  0.0297,  0.0010,  0.0551,  0.0500, -0.0257, -0.0172,
         0.0111,  0.0208,  0.0226, -0.0033, -0.0129,  0.0279,  0.0276,  0.0154,
        -0.0305,  0.0159, -0.0199,  0.0094, -0.0089,  0.0520,  0.0424, -0.0145,
         0.0561, -0.0015,  0.0442, -0.0192, -0.0030,  0.0491,  0.0394,  0.0648,
         0.0172,  0.0409,  0.0241,  0.0053,  0.0325,  0.0242, -0.0012,  0.0235,
         0.0178,  0.0317,  0.0020,  0.0400,  0.0412, -0.0142, -0.0125, -0.0002,
         0.0225,  0.0406,  0.0564,  0.0398,  0.0202,  0.0028,  0.0164,  0.0463,
         0.0475,  0.0192, -0.0086, -0.0326, -0.0062, -0.0068,  0.0420,  0.0768,
         0.0320, -0.0321, -0.0024,  0.0027,  0.0201, -0.0123, -0.0102,  0.0350,
        -0.0196, -0.0115, -0.0016,  0.0387,  0.0135, -0.0176,  0.0107, -0.0251,
         0.0416,  0.0181,  0.0136,  0.0250,  0.0147, -0.0031, -0.0226,  0.0085,
         0.0048, -0.0113, -0.0044, -0.0079,  0.0340,  0.0250,  0.0322,  0.0288,
         0.0219,  0.0041, -0.0010,  0.0382,  0.0204,  0.0275,  0.0346, -0.0111,
         0.0373, -0.0010,  0.0053,  0.0568,  0.0221,  0.0150, -0.0282, -0.0231,
         0.0007,  0.0201, -0.0235, -0.0038, -0.0020,  0.0629,  0.0545, -0.0045])), ('fc2.weight', tensor([[-0.0354,  0.0170,  0.0564,  ..., -0.0414,  0.0480,  0.0465],
        [ 0.0654, -0.0538, -0.0188,  ..., -0.0414,  0.0013,  0.0499],
        [-0.0550,  0.1005,  0.0626,  ..., -0.0267,  0.0708,  0.0239],
        ...,
        [ 0.0914, -0.0036, -0.0645,  ...,  0.0275, -0.0012,  0.0016],
        [ 0.0477,  0.0487,  0.0215,  ...,  0.0108,  0.0878,  0.0013],
        [-0.0576, -0.0561,  0.0452,  ..., -0.0459, -0.0651,  0.0040]])), ('fc2.bias', tensor([ 0.0409,  0.0431,  0.0444, -0.0656,  0.0523,  0.0538,  0.0864, -0.0675,
         0.0253,  0.0156,  0.0826, -0.0478,  0.0158, -0.0370, -0.0212,  0.0356,
        -0.0304,  0.0601,  0.0146,  0.0554,  0.0480, -0.0043, -0.0186,  0.0793,
        -0.0509, -0.0291,  0.0492,  0.0040,  0.0652,  0.0041,  0.0136, -0.0056,
         0.0839,  0.0300, -0.0647, -0.0554, -0.0498, -0.0530, -0.0497,  0.0023,
        -0.0080,  0.1012, -0.0025,  0.0293, -0.0412,  0.0423, -0.0241,  0.0701,
         0.0755,  0.0277,  0.0288, -0.0557,  0.0509,  0.0088,  0.0433, -0.0366,
        -0.0007,  0.0654,  0.0252,  0.0139,  0.0488,  0.0397,  0.0125,  0.0164,
         0.0883, -0.0352,  0.0532,  0.0597, -0.0227,  0.0141,  0.0367, -0.0383,
        -0.0390, -0.0342, -0.0445, -0.0064, -0.0315,  0.0484,  0.0308,  0.0235,
        -0.0105,  0.0614,  0.0799,  0.0708, -0.0360,  0.0977, -0.0012, -0.0550,
         0.0480,  0.0529,  0.0030,  0.0505, -0.0466,  0.0493,  0.0319,  0.0310,
         0.0636,  0.0338,  0.0687, -0.0098, -0.0559, -0.0056,  0.0565, -0.0655,
         0.0618,  0.0001,  0.0300,  0.0211,  0.0631,  0.0532,  0.0765, -0.0513,
         0.0431,  0.0545, -0.0455, -0.0678,  0.0282,  0.0424,  0.0452, -0.0496,
         0.0711, -0.0694, -0.0084,  0.0408,  0.0909,  0.0612, -0.0150,  0.0438,
         0.0631, -0.0022,  0.0278, -0.0062, -0.0338,  0.1072,  0.0545, -0.0620,
        -0.0706, -0.0010,  0.0764,  0.0621, -0.0422, -0.0297,  0.0732, -0.0292,
         0.0295,  0.0665, -0.0642,  0.0719,  0.0485,  0.0779, -0.0260,  0.0540,
        -0.0224, -0.0668,  0.0263,  0.0145,  0.0916,  0.0661,  0.0686,  0.0322,
         0.0079,  0.0710, -0.0382,  0.0650,  0.0078, -0.0056, -0.0241,  0.0774,
         0.0452, -0.0521,  0.0604,  0.0048,  0.0817,  0.0525,  0.0463,  0.0448,
         0.0324,  0.0598,  0.0801,  0.0581,  0.0638, -0.0527,  0.0107,  0.0487,
         0.0428, -0.0598, -0.0268,  0.0362,  0.1001, -0.0563, -0.0299,  0.0586,
        -0.0044,  0.0813,  0.0067, -0.0384, -0.0173,  0.0805,  0.0539, -0.0497])), ('fc3.weight', tensor([[ 0.0447,  0.0524, -0.0126,  ...,  0.0222, -0.0886, -0.0200],
        [-0.0839,  0.0065,  0.0913,  ...,  0.0963,  0.0064, -0.0124],
        [ 0.0402, -0.0572, -0.1307,  ...,  0.1998,  0.0529, -0.0137],
        ...,
        [-0.0383, -0.0011, -0.0913,  ..., -0.0731, -0.0603,  0.0395],
        [ 0.0455, -0.0041,  0.1025,  ..., -0.0847,  0.0553, -0.0045],
        [ 0.0113, -0.0370,  0.0198,  ..., -0.1019, -0.0819, -0.0505]])), ('fc3.bias', tensor([-0.0876,  0.1387,  0.0896,  0.0282, -0.0935,  0.0167,  0.0267,  0.0211,
        -0.0929,  0.0032]))])]