OrderedDict([('fc1.weight', tensor([[ 0.0172,  0.0035, -0.0288,  ...,  0.0149, -0.0215,  0.0082],
        [ 0.0265,  0.0417,  0.0193,  ..., -0.0337,  0.0174, -0.0090],
        [-0.0313, -0.0199, -0.0416,  ..., -0.0081,  0.0111,  0.0170],
        ...,
        [ 0.0068, -0.0131, -0.0256,  ...,  0.0403, -0.0283,  0.0074],
        [ 0.0234,  0.0012,  0.0103,  ..., -0.0040, -0.0085,  0.0230],
        [ 0.0244, -0.0132,  0.0294,  ...,  0.0343,  0.0194,  0.0017]])), ('fc1.bias', tensor([ 6.3232e-03,  1.1827e-02, -4.3542e-02,  5.4864e-02,  3.5923e-02,
         6.2206e-02,  3.7128e-02, -2.4179e-02,  8.2164e-02, -2.1360e-02,
         4.9725e-02,  5.0726e-02,  1.1115e-02,  9.6179e-02, -1.8217e-03,
         7.9225e-03,  6.5881e-02,  1.6563e-02, -2.6967e-02,  4.5245e-02,
         1.4781e-02,  2.1700e-02,  4.1505e-02,  4.2782e-02,  3.0094e-02,
         8.7341e-03,  1.5517e-03, -8.2282e-03,  1.2598e-01, -1.3015e-02,
        -1.3061e-02,  2.5806e-02, -3.9137e-03,  3.3444e-02, -4.9157e-03,
         7.7851e-03,  5.5985e-02,  7.5111e-02,  3.0637e-02,  6.0644e-02,
        -8.3595e-03,  6.6424e-02,  3.7054e-02,  3.8264e-02,  1.2955e-02,
         1.0074e-02,  7.6735e-02,  8.2543e-02, -3.9906e-02,  4.3942e-02,
         4.3526e-03,  8.8250e-02, -9.9440e-03,  5.4645e-03,  2.5758e-02,
         7.8135e-02,  6.7978e-02,  1.2146e-02,  9.0707e-02,  8.9417e-02,
        -9.9731e-03,  7.6132e-02,  2.0388e-02,  2.3028e-02,  2.0655e-02,
        -6.3516e-03,  3.6853e-03,  6.4321e-02,  9.6285e-02,  7.4826e-02,
         3.1849e-02,  1.1257e-02,  2.3900e-04,  8.4108e-03,  3.2411e-02,
         5.1527e-02,  1.4743e-02,  4.4203e-02,  1.6340e-02, -3.5808e-03,
         1.7880e-03,  6.4653e-02,  5.5168e-02,  2.0109e-01,  2.1883e-02,
         2.5616e-02,  5.6710e-02,  6.0551e-02, -1.4803e-02, -5.9118e-02,
         7.9370e-02,  2.4073e-02,  1.0596e-01,  3.2333e-02,  2.9715e-02,
         1.0991e-02,  1.1568e-02,  8.4436e-02,  7.1338e-02,  1.1796e-02,
         3.5722e-02, -5.3855e-02,  5.3307e-02,  5.0318e-02,  3.8216e-02,
         8.0633e-02,  7.8025e-02, -1.2588e-05, -3.7428e-03,  1.5711e-02,
         4.4349e-02,  2.4637e-02,  2.6496e-03,  4.8717e-02, -1.6605e-02,
         3.4761e-02,  2.6864e-02,  1.1006e-02,  2.5790e-02,  9.3147e-02,
        -2.3579e-02,  6.9126e-02,  4.7859e-02, -1.3728e-02,  4.0412e-02,
         4.9272e-02, -2.4220e-02,  2.2612e-02, -2.2712e-02,  2.9365e-03,
        -2.1741e-02,  7.8581e-02,  3.9778e-02, -1.1676e-02,  3.8312e-02,
         6.5994e-02,  8.0246e-03,  9.8887e-02,  4.0681e-02,  5.1651e-02,
         2.4793e-02,  3.2937e-02,  4.0386e-02,  4.9738e-03,  2.9040e-02,
        -3.7581e-02,  2.0529e-02,  3.1142e-02, -2.1152e-03,  8.9799e-03,
         1.4838e-02,  6.1321e-02, -2.2382e-02,  2.2357e-02,  9.0353e-02,
        -1.9665e-02,  2.0596e-02,  1.4257e-01,  5.1352e-02,  4.5859e-02,
         1.2879e-02,  2.3635e-02, -2.4602e-02,  1.5079e-02,  5.8338e-02,
         7.8509e-02, -2.6305e-02,  4.6876e-02, -9.2086e-03, -1.9644e-02,
         1.8711e-02, -3.2549e-02, -4.6204e-03, -5.8038e-03,  7.3338e-03,
         3.8567e-02,  8.1370e-02, -6.6567e-02, -2.7508e-02,  6.0177e-02,
         3.8157e-02, -2.9087e-02,  4.1260e-02,  7.7539e-02,  8.6437e-02,
         6.5613e-03, -1.0945e-02,  6.1148e-02,  4.4229e-02,  8.7725e-02,
         1.2338e-02,  6.2105e-03, -4.0013e-02, -9.4252e-03, -1.9698e-03,
         1.0142e-01,  5.6759e-02, -2.5930e-03,  3.1662e-02,  1.8054e-02])), ('fc2.weight', tensor([[ 0.0436,  0.0950, -0.0755,  ...,  0.0767,  0.0709,  0.0114],
        [-0.0136,  0.0682, -0.0315,  ...,  0.0011,  0.0108,  0.0799],
        [-0.0313,  0.0305, -0.0592,  ...,  0.0596,  0.0352,  0.0238],
        ...,
        [ 0.0450, -0.0050, -0.0361,  ...,  0.0778,  0.0753, -0.0437],
        [-0.0093,  0.0986,  0.0213,  ...,  0.0050,  0.0542, -0.0241],
        [ 0.0857,  0.0500,  0.0227,  ..., -0.0696, -0.0300, -0.0072]])), ('fc2.bias', tensor([ 1.0714e-01, -2.0766e-02,  7.9939e-02,  1.5044e-02, -3.2656e-02,
         5.0267e-02,  1.2853e-01,  3.3692e-02,  9.0163e-02, -3.8451e-02,
         2.8862e-02,  7.0903e-02, -8.2856e-02,  3.4473e-02,  8.2665e-02,
        -1.7979e-02,  7.9340e-02,  1.2166e-03, -1.6706e-02,  9.4084e-02,
         9.2421e-06,  4.0844e-02, -6.7395e-02,  6.0056e-02,  1.5708e-01,
        -3.8171e-02,  9.2949e-02,  6.2107e-02,  1.9466e-02, -3.4855e-02,
         1.3744e-01, -9.4986e-02, -4.0444e-02,  4.5845e-02,  1.1043e-01,
         7.3217e-02,  3.7608e-02, -5.7095e-02,  8.4772e-02,  8.2014e-02,
        -2.7158e-02,  1.4267e-02,  6.3163e-02,  3.2639e-03,  5.3811e-02,
         3.9299e-02,  3.9316e-03, -5.7093e-02,  9.2596e-03,  4.8194e-02,
         5.4582e-02, -1.6440e-02,  8.8334e-02,  7.9372e-03, -7.4983e-02,
        -4.0860e-02,  9.6495e-02, -3.3692e-02,  6.8565e-02, -1.9788e-02,
         1.0573e-01,  3.6129e-02, -3.2760e-02,  1.0167e-01,  7.9765e-02,
         1.1295e-02,  3.5036e-02, -4.6684e-02,  3.8704e-03,  7.5118e-02,
        -8.4766e-02,  1.0414e-01,  7.5892e-02,  6.5356e-02,  1.4824e-02,
         1.0335e-01, -5.6244e-02, -4.5819e-03, -1.4122e-02,  2.7161e-02,
         2.3656e-02, -2.3414e-02,  2.8099e-02,  7.8440e-02, -6.8789e-02,
        -4.2714e-02,  1.0396e-01,  1.6523e-02, -4.3144e-02,  2.0727e-02,
         8.4783e-02, -2.3052e-02,  2.5688e-02,  2.5882e-02,  9.5191e-03,
        -3.5244e-02,  2.3150e-02, -5.3180e-02,  3.2661e-02,  3.4896e-02,
         6.2680e-03, -6.0170e-02,  4.0754e-02,  2.5210e-02,  5.9064e-02,
         4.0041e-04, -2.6527e-02,  2.2914e-02,  3.3704e-02,  3.6273e-02,
         3.2656e-02, -5.5739e-02, -5.8085e-02,  7.4243e-02,  2.6407e-02,
        -4.2204e-02, -3.5882e-02, -5.3363e-02, -5.8793e-04, -2.1695e-02,
         1.1416e-01,  7.3522e-02, -8.2904e-02, -5.0435e-02,  1.5994e-02,
         4.7100e-02, -6.3263e-02, -5.9094e-02,  5.5578e-03, -2.8930e-02,
         1.0421e-01,  4.6538e-02, -4.9384e-02,  1.1100e-01, -6.4768e-02,
        -5.0445e-02,  9.0342e-04,  9.4075e-02,  1.2982e-01,  3.2190e-02,
        -6.0531e-03,  1.2667e-01,  5.7860e-02,  3.0527e-02,  1.1370e-01,
         9.2322e-02,  1.1709e-01, -3.8225e-02,  2.1759e-02,  7.9159e-02,
         4.2535e-02,  1.6857e-02,  5.0126e-02,  3.3106e-02,  4.9225e-02,
        -1.9878e-02,  7.1803e-03, -3.4865e-03, -7.6288e-02, -1.8530e-02,
         2.3949e-02,  4.5827e-03,  4.7230e-02,  7.9242e-02, -1.4503e-02,
        -3.1146e-02, -2.8900e-03, -7.3230e-02,  1.7031e-02,  7.7770e-02,
        -4.4758e-02,  3.6133e-02,  7.6061e-02,  3.2938e-02,  2.8303e-02,
         3.3183e-02,  1.5073e-02,  1.4539e-01,  7.5249e-02, -6.3059e-02,
        -2.5093e-02,  2.4680e-02,  9.1732e-02, -6.7927e-02,  6.8502e-02,
         4.6425e-03,  1.7970e-02,  9.7743e-02,  5.2801e-02,  9.5662e-02,
        -2.2771e-02, -9.2798e-02,  2.1603e-02,  6.5503e-02, -5.3447e-02,
         1.2046e-01,  3.2819e-02,  1.8263e-02, -4.0339e-02,  6.1239e-02])), ('fc3.weight', tensor([[-0.1784, -0.0556,  0.1409,  ..., -0.1321,  0.0820,  0.0935],
        [ 0.0986, -0.0542, -0.0763,  ...,  0.2400,  0.1394, -0.2107],
        [-0.1265, -0.0425,  0.1228,  ..., -0.0296, -0.0185, -0.1120],
        ...,
        [ 0.0624,  0.0742,  0.0072,  ...,  0.1175, -0.1265, -0.0464],
        [-0.1200,  0.0019, -0.1395,  ..., -0.0432, -0.0334, -0.1468],
        [ 0.0395,  0.0249,  0.0231,  ..., -0.0232,  0.1598,  0.1791]])), ('fc3.bias', tensor([-0.0934,  0.1824,  0.0046, -0.0279,  0.0410,  0.1563, -0.0800,  0.0958,
        -0.2410,  0.0193]))])