[OrderedDict([('fc1.weight', tensor([[-0.0282,  0.0354, -0.0076,  ...,  0.0326,  0.0335,  0.0353],
        [ 0.0204,  0.0259, -0.0151,  ...,  0.0155,  0.0037, -0.0179],
        [ 0.0280, -0.0161, -0.0088,  ..., -0.0114, -0.0168,  0.0169],
        ...,
        [-0.0260,  0.0315,  0.0168,  ...,  0.0177,  0.0204,  0.0252],
        [-0.0160, -0.0080, -0.0166,  ..., -0.0145,  0.0211,  0.0244],
        [ 0.0127,  0.0276, -0.0146,  ...,  0.0009, -0.0345,  0.0199]])), ('fc1.bias', tensor([ 3.8501e-02,  3.5169e-02,  1.9069e-03, -1.1176e-02, -1.6637e-02,
         2.4748e-02,  1.0673e-02, -5.2119e-03, -2.3259e-02,  4.4509e-02,
         2.7855e-02,  6.5782e-02,  1.8136e-02,  4.0353e-02,  1.4570e-02,
         2.7527e-02, -1.7722e-02,  3.0453e-02,  2.1848e-02, -2.4513e-04,
         3.5358e-02,  3.8041e-02,  7.2242e-02,  1.9402e-03,  1.5172e-02,
         2.2542e-02, -2.4661e-02,  2.9666e-02,  1.7506e-02, -4.1843e-03,
         2.0688e-02,  8.9903e-03,  1.9449e-02, -3.5132e-03, -9.6731e-03,
         4.5907e-02,  7.9810e-03,  2.6431e-02, -2.6071e-03,  1.4326e-02,
         2.3588e-02,  2.8884e-02,  1.9013e-02,  2.9638e-02,  1.9757e-02,
        -2.4173e-03,  1.4197e-02,  6.2665e-02,  3.2251e-02,  1.3604e-02,
         4.3046e-02, -1.6313e-02,  4.3524e-02,  2.1493e-02, -2.5387e-02,
         2.7825e-02,  4.0021e-02,  3.4729e-02,  3.1160e-02,  5.8059e-02,
         4.0046e-02,  1.5363e-02,  2.0276e-02,  4.7100e-02,  1.6662e-02,
         3.2119e-02,  2.1977e-02, -2.8321e-03, -2.1592e-02, -1.0141e-02,
        -1.1308e-02,  2.5785e-02,  6.9965e-03,  2.7736e-02,  3.9949e-02,
         3.7083e-02,  8.4847e-06,  1.2692e-02,  4.4400e-02, -1.0530e-02,
        -2.0053e-02,  3.2872e-02, -2.2908e-02, -3.1653e-02,  8.4311e-02,
         2.0455e-02,  6.1108e-02,  3.1420e-03,  3.2801e-02,  2.9856e-02,
         3.7290e-02,  5.6118e-03,  1.5317e-02,  3.9868e-03,  2.7475e-02,
        -6.9038e-03,  4.2617e-03,  2.0015e-02,  5.4635e-04,  2.9772e-02,
         1.5238e-02,  2.1607e-02, -2.8060e-02,  2.4449e-03,  1.0651e-02,
         6.2074e-02,  2.7559e-02,  4.9573e-03,  4.6003e-02,  2.8379e-03,
        -4.9187e-03,  9.1548e-03, -1.9994e-02,  5.2933e-02, -2.5940e-02,
         4.1942e-02,  3.1723e-02,  2.0733e-02,  1.2915e-02,  6.4880e-04,
         3.9271e-02,  7.8789e-03,  1.6661e-02,  1.0060e-02,  1.6267e-02,
         3.7674e-02, -1.3826e-03, -2.2250e-02, -7.0711e-03,  4.9597e-02,
         5.1607e-02, -3.7111e-02, -9.3269e-03, -6.5406e-03,  9.2371e-02,
         4.1457e-02, -1.8684e-02,  3.4151e-05, -1.3629e-02,  2.6896e-02,
         2.5403e-02,  3.5562e-02, -3.5720e-03, -5.3085e-03, -4.9509e-03,
         3.7072e-02, -3.1483e-02, -2.4076e-03,  5.2600e-03,  5.0453e-02,
         1.1257e-02, -2.9404e-02, -8.0378e-03,  7.9658e-02,  1.3231e-02,
         2.7393e-02, -1.2528e-02,  9.4207e-03,  1.8528e-02, -1.3009e-02,
         5.6648e-02,  2.7045e-02, -4.6720e-03,  5.0902e-02, -4.0104e-03,
        -9.0744e-03,  8.8078e-03,  2.5494e-02,  2.9637e-02, -4.0586e-03,
        -8.7425e-03,  3.8476e-02, -3.5605e-02,  3.2487e-02,  4.9517e-02,
        -8.4839e-04,  5.2550e-02,  6.4200e-02,  3.8187e-02,  3.1421e-02,
        -1.9569e-02,  1.3363e-02, -1.5674e-02,  2.9175e-02,  8.6146e-03,
         3.8805e-02,  3.5262e-02, -2.3452e-03,  4.9638e-02,  4.0557e-02,
        -9.3165e-03, -2.8048e-02,  2.3609e-02, -1.4967e-02,  4.6026e-02,
         7.1423e-02,  7.6052e-02,  4.8095e-02,  4.4618e-02,  3.7730e-02])), ('fc2.weight', tensor([[ 0.0274,  0.0061,  0.0331,  ...,  0.0543,  0.0263,  0.0343],
        [-0.0055, -0.0039,  0.0531,  ..., -0.0110, -0.0455, -0.0160],
        [-0.0060,  0.0203,  0.0481,  ..., -0.0483,  0.0058,  0.0499],
        ...,
        [-0.0087, -0.0336, -0.0479,  ...,  0.0679,  0.0068, -0.0546],
        [-0.0197, -0.0501, -0.0441,  ..., -0.0398,  0.0698,  0.0215],
        [-0.0291, -0.0293,  0.0177,  ..., -0.0216,  0.0057,  0.0052]])), ('fc2.bias', tensor([-4.9173e-02,  8.3729e-02,  8.2962e-02,  9.6957e-02,  4.6948e-02,
        -2.0798e-02,  8.8105e-02, -6.2048e-02,  7.4695e-02, -4.8280e-02,
        -1.8130e-02,  5.4714e-02, -2.7214e-02,  1.1655e-02,  6.0058e-02,
        -4.0399e-03, -3.0637e-02,  7.3869e-02,  6.9017e-02, -4.8206e-02,
         6.5082e-02,  9.2023e-02,  6.1615e-02,  9.7047e-02, -1.3766e-02,
         3.1509e-02,  1.1984e-02, -1.6427e-02, -2.9975e-03,  2.6526e-02,
         1.3847e-02,  7.1907e-02,  3.0594e-02,  7.9030e-02,  8.2886e-02,
         2.6364e-02, -4.1392e-02, -5.6024e-02,  8.4893e-02, -1.3146e-02,
        -2.4496e-02, -2.0930e-02,  7.1519e-02,  7.0433e-02, -1.9826e-04,
         9.6602e-04,  4.8379e-02, -5.5182e-02,  8.8829e-03, -5.6823e-02,
         2.7382e-02,  1.5145e-02, -2.5887e-02,  9.9427e-02, -3.1752e-02,
        -4.5996e-03,  1.0231e-01,  5.5579e-02,  9.1366e-02,  2.4254e-02,
         4.0023e-02, -2.5991e-03, -4.5156e-02, -1.8486e-02,  6.2700e-02,
         4.3268e-02,  7.8967e-02, -5.5155e-02, -6.0418e-02, -2.6843e-02,
        -1.1327e-02,  2.3291e-02, -3.9006e-02, -3.5088e-02, -6.0115e-02,
         9.2067e-02,  8.2399e-02,  3.3118e-02,  1.8340e-04,  1.9763e-02,
         4.9543e-02, -5.3588e-02, -5.1638e-02,  4.2360e-02,  6.1650e-02,
         7.2437e-02,  1.0890e-02,  9.5362e-02, -1.2527e-02,  5.2831e-03,
         8.5801e-02,  3.3987e-02,  7.3254e-02, -1.4813e-02,  1.1173e-02,
        -5.1201e-02, -5.4943e-02, -6.3681e-02, -3.0300e-02, -8.7752e-03,
        -6.6309e-03,  3.4234e-03, -3.1699e-02, -4.7209e-02, -7.4847e-03,
         8.1286e-03,  5.3795e-02,  4.0159e-02, -5.6844e-02,  5.6831e-02,
         6.2694e-02, -2.6565e-02, -1.1084e-02,  7.1175e-02, -3.3497e-02,
         4.7067e-02, -6.1095e-02,  5.1261e-02, -2.0314e-02,  7.8436e-02,
         5.0274e-02, -2.0502e-02,  1.0480e-02, -1.0157e-02, -4.6384e-02,
         4.4628e-02, -1.0807e-02,  4.7042e-04, -1.9774e-02,  5.1145e-02,
         7.9760e-02,  2.3668e-02,  6.6211e-02,  3.7597e-02, -1.9995e-02,
        -1.9886e-03,  7.1838e-02,  5.2904e-02, -5.5197e-02,  7.2766e-03,
         9.8362e-02, -3.4539e-02, -1.3178e-02, -4.1548e-02,  7.3967e-02,
         7.3429e-02,  3.8721e-02,  6.5705e-02, -5.9361e-02,  1.0423e-01,
         3.8118e-02, -5.6376e-02,  1.3411e-02, -2.0656e-02, -2.8903e-02,
         3.0251e-02,  6.7609e-02,  6.1360e-02, -2.2870e-02,  5.1414e-02,
         7.7566e-02, -3.1815e-05, -1.2604e-02, -7.0638e-02, -2.4157e-02,
        -4.3692e-02,  8.0076e-02,  1.3493e-02,  6.5874e-02,  7.7164e-02,
        -2.4620e-02, -4.1103e-02,  1.4626e-02, -4.5816e-02,  6.3107e-02,
         5.7586e-02,  3.2636e-02,  1.1323e-02, -3.5328e-02,  4.0837e-02,
         3.6021e-02, -6.1348e-02, -7.4690e-03,  5.9471e-03,  5.9469e-02,
        -1.5533e-02,  1.0507e-03,  5.7442e-02, -1.4653e-02,  8.0606e-02,
         2.4952e-02,  3.9497e-02,  2.6228e-02, -5.1501e-02,  7.5569e-02,
         3.3550e-02, -1.0294e-02, -2.7928e-02,  6.2442e-02, -3.7680e-02])), ('fc3.weight', tensor([[ 2.1994e-02,  8.2010e-02,  1.7993e-01,  ..., -5.1717e-02,
          1.2939e-01,  6.1969e-03],
        [ 1.0096e-01,  8.8658e-03, -7.9892e-02,  ...,  1.1331e-01,
          9.2011e-02,  1.9449e-03],
        [ 1.5234e-02,  9.3965e-02, -3.1769e-02,  ..., -6.2406e-02,
         -1.0432e-01, -5.6254e-02],
        ...,
        [-3.9629e-02, -6.0742e-02, -6.4815e-02,  ...,  7.6089e-05,
          9.9475e-02,  4.1382e-02],
        [-3.5359e-02,  5.3543e-02, -1.2175e-02,  ..., -3.8001e-02,
         -6.6601e-02, -4.6679e-02],
        [ 6.3669e-02,  1.5053e-02,  7.1631e-02,  ...,  2.8107e-02,
         -1.2803e-02,  1.0626e-01]])), ('fc3.bias', tensor([-0.0309,  0.1034,  0.0089, -0.0322, -0.0692,  0.0256, -0.0163,  0.0871,
        -0.0638,  0.0486]))]), OrderedDict([('fc1.weight', tensor([[-0.0282,  0.0354, -0.0076,  ...,  0.0326,  0.0335,  0.0353],
        [ 0.0204,  0.0259, -0.0151,  ...,  0.0155,  0.0037, -0.0179],
        [ 0.0280, -0.0161, -0.0088,  ..., -0.0114, -0.0168,  0.0169],
        ...,
        [-0.0260,  0.0315,  0.0168,  ...,  0.0177,  0.0204,  0.0252],
        [-0.0160, -0.0080, -0.0166,  ..., -0.0145,  0.0211,  0.0244],
        [ 0.0127,  0.0276, -0.0146,  ...,  0.0009, -0.0345,  0.0199]])), ('fc1.bias', tensor([ 0.0386,  0.0372,  0.0003, -0.0108, -0.0178,  0.0265,  0.0117,  0.0003,
        -0.0262,  0.0411,  0.0281,  0.0681,  0.0174,  0.0355,  0.0143,  0.0265,
        -0.0147,  0.0299,  0.0178, -0.0021,  0.0365,  0.0433,  0.0761,  0.0010,
         0.0122,  0.0215, -0.0240,  0.0303,  0.0195, -0.0008,  0.0177,  0.0110,
         0.0189, -0.0005, -0.0059,  0.0406,  0.0064,  0.0327,  0.0010,  0.0166,
         0.0216,  0.0276,  0.0186,  0.0279,  0.0238, -0.0077,  0.0143,  0.0595,
         0.0322,  0.0087,  0.0427, -0.0183,  0.0434,  0.0218, -0.0256,  0.0281,
         0.0398,  0.0334,  0.0287,  0.0653,  0.0326,  0.0177,  0.0196,  0.0454,
         0.0210,  0.0329,  0.0233, -0.0028, -0.0209, -0.0098, -0.0133,  0.0244,
         0.0066,  0.0260,  0.0463,  0.0359, -0.0033,  0.0130,  0.0430, -0.0132,
        -0.0184,  0.0327, -0.0219, -0.0316,  0.0823,  0.0226,  0.0555,  0.0032,
         0.0331,  0.0321,  0.0334,  0.0088,  0.0149,  0.0043,  0.0271, -0.0070,
         0.0062,  0.0160, -0.0008,  0.0287,  0.0113,  0.0270, -0.0295,  0.0049,
         0.0096,  0.0592,  0.0293,  0.0091,  0.0449,  0.0012, -0.0082,  0.0090,
        -0.0167,  0.0561, -0.0251,  0.0408,  0.0304,  0.0214,  0.0178, -0.0005,
         0.0325,  0.0068,  0.0142,  0.0135,  0.0219,  0.0388, -0.0010, -0.0249,
        -0.0044,  0.0489,  0.0478, -0.0371, -0.0096, -0.0021,  0.0917,  0.0390,
        -0.0190, -0.0023, -0.0156,  0.0277,  0.0232,  0.0343, -0.0032, -0.0067,
         0.0034,  0.0373, -0.0295, -0.0011,  0.0054,  0.0537,  0.0158, -0.0291,
        -0.0112,  0.0792,  0.0132,  0.0291, -0.0119,  0.0163,  0.0207, -0.0130,
         0.0545,  0.0254, -0.0048,  0.0500, -0.0058, -0.0069,  0.0053,  0.0267,
         0.0306, -0.0038, -0.0102,  0.0381, -0.0357,  0.0351,  0.0477, -0.0054,
         0.0524,  0.0622,  0.0361,  0.0337, -0.0225,  0.0144, -0.0142,  0.0281,
         0.0078,  0.0367,  0.0347, -0.0009,  0.0545,  0.0348, -0.0079, -0.0267,
         0.0255, -0.0145,  0.0479,  0.0704,  0.0793,  0.0456,  0.0415,  0.0427])), ('fc2.weight', tensor([[ 0.0274,  0.0061,  0.0340,  ...,  0.0537,  0.0235,  0.0332],
        [-0.0062, -0.0050,  0.0508,  ..., -0.0113, -0.0510, -0.0222],
        [-0.0070,  0.0254,  0.0528,  ..., -0.0457, -0.0021,  0.0591],
        ...,
        [-0.0087, -0.0319, -0.0450,  ...,  0.0672,  0.0021, -0.0487],
        [-0.0203, -0.0499, -0.0451,  ..., -0.0402,  0.0650,  0.0215],
        [-0.0291, -0.0290,  0.0182,  ..., -0.0213,  0.0042,  0.0016]])), ('fc2.bias', tensor([-0.0508,  0.0781,  0.0905,  0.1035,  0.0517, -0.0236,  0.0853, -0.0620,
         0.0796, -0.0484, -0.0176,  0.0505, -0.0297,  0.0116,  0.0601, -0.0060,
        -0.0331,  0.0693,  0.0658, -0.0506,  0.0651,  0.0945,  0.0580,  0.1013,
        -0.0138,  0.0327,  0.0101, -0.0187,  0.0014,  0.0257,  0.0138,  0.0719,
         0.0286,  0.0846,  0.0808,  0.0210, -0.0391, -0.0560,  0.0813, -0.0138,
        -0.0268, -0.0251,  0.0736,  0.0667, -0.0020, -0.0033,  0.0489, -0.0476,
         0.0089, -0.0574,  0.0277,  0.0117, -0.0270,  0.0965, -0.0290, -0.0056,
         0.1024,  0.0554,  0.0880,  0.0242,  0.0403, -0.0026, -0.0461, -0.0172,
         0.0598,  0.0406,  0.0798, -0.0567, -0.0673, -0.0268, -0.0113,  0.0276,
        -0.0364, -0.0316, -0.0619,  0.0965,  0.0860,  0.0299,  0.0002,  0.0157,
         0.0440, -0.0537, -0.0516,  0.0382,  0.0605,  0.0754,  0.0109,  0.0951,
        -0.0125,  0.0043,  0.0836,  0.0337,  0.0717, -0.0100,  0.0117, -0.0511,
        -0.0543, -0.0635, -0.0278, -0.0030, -0.0009,  0.0097, -0.0314, -0.0434,
        -0.0075,  0.0081,  0.0540,  0.0435, -0.0562,  0.0661,  0.0600, -0.0235,
        -0.0098,  0.0691, -0.0306,  0.0497, -0.0611,  0.0480, -0.0233,  0.0787,
         0.0559, -0.0166,  0.0092, -0.0070, -0.0464,  0.0478, -0.0053, -0.0049,
        -0.0197,  0.0457,  0.0788,  0.0237,  0.0619,  0.0377, -0.0166, -0.0020,
         0.0701,  0.0537, -0.0552,  0.0074,  0.0901, -0.0363, -0.0115, -0.0437,
         0.0733,  0.0748,  0.0348,  0.0619, -0.0594,  0.1075,  0.0350, -0.0562,
         0.0188, -0.0175, -0.0242,  0.0311,  0.0677,  0.0615, -0.0229,  0.0471,
         0.0793,  0.0002, -0.0171, -0.0706, -0.0271, -0.0383,  0.0785,  0.0148,
         0.0627,  0.0686, -0.0246, -0.0421,  0.0212, -0.0485,  0.0599,  0.0594,
         0.0326,  0.0142, -0.0331,  0.0463,  0.0332, -0.0596, -0.0075,  0.0059,
         0.0576, -0.0167,  0.0026,  0.0579, -0.0145,  0.0789,  0.0193,  0.0395,
         0.0309, -0.0497,  0.0789,  0.0343, -0.0123, -0.0261,  0.0611, -0.0400])), ('fc3.weight', tensor([[ 0.0238,  0.0494,  0.1274,  ..., -0.0698,  0.0974, -0.0105],
        [ 0.0912, -0.0133, -0.0968,  ...,  0.0790,  0.0688, -0.0164],
        [ 0.0157,  0.0981, -0.0310,  ..., -0.0614, -0.1015, -0.0552],
        ...,
        [-0.0391, -0.0604, -0.0668,  ..., -0.0004,  0.0993,  0.0411],
        [-0.0350,  0.0564, -0.0123,  ..., -0.0377, -0.0648, -0.0460],
        [ 0.0640,  0.0148,  0.0698,  ...,  0.0273, -0.0133,  0.1059]])), ('fc3.bias', tensor([-0.0473,  0.0839,  0.0106, -0.0231, -0.0700,  0.0707, -0.0360,  0.0871,
        -0.0628,  0.0481]))]), OrderedDict([('fc1.weight', tensor([[-0.0282,  0.0354, -0.0076,  ...,  0.0326,  0.0335,  0.0353],
        [ 0.0204,  0.0259, -0.0151,  ...,  0.0155,  0.0037, -0.0179],
        [ 0.0280, -0.0161, -0.0088,  ..., -0.0114, -0.0168,  0.0169],
        ...,
        [-0.0260,  0.0315,  0.0168,  ...,  0.0177,  0.0204,  0.0252],
        [-0.0160, -0.0080, -0.0166,  ..., -0.0145,  0.0211,  0.0244],
        [ 0.0127,  0.0276, -0.0146,  ...,  0.0009, -0.0345,  0.0199]])), ('fc1.bias', tensor([ 4.5177e-02,  3.8123e-02, -1.8938e-03, -1.1271e-02, -1.9781e-02,
         2.5440e-02,  1.2473e-02, -2.8814e-03, -2.5183e-02,  4.2703e-02,
         2.5736e-02,  6.9119e-02,  1.9982e-02,  3.9108e-02,  1.3289e-02,
         3.0136e-02, -1.9477e-02,  2.9794e-02,  2.1034e-02,  2.4419e-03,
         4.2381e-02,  3.9209e-02,  8.6471e-02,  6.3317e-03,  1.7035e-02,
         2.1388e-02, -2.4171e-02,  2.9988e-02,  1.8236e-02, -4.6480e-03,
         2.2506e-02,  1.1252e-02,  1.4842e-02, -7.2909e-03, -1.1421e-02,
         3.8865e-02,  1.1821e-02,  2.5973e-02, -4.9542e-03,  1.3633e-02,
         2.3031e-02,  2.3256e-02,  1.8190e-02,  3.2285e-02,  2.0639e-02,
        -8.9642e-03,  2.0956e-02,  6.0791e-02,  2.7616e-02,  1.6710e-02,
         4.1261e-02, -1.2078e-02,  4.9079e-02,  1.9454e-02, -2.5590e-02,
         3.1101e-02,  3.7192e-02,  3.3164e-02,  2.8329e-02,  6.1030e-02,
         3.4114e-02,  1.7719e-02,  1.7105e-02,  4.4960e-02,  1.4847e-02,
         3.2891e-02,  2.1111e-02, -5.8279e-04, -1.7340e-02, -1.0408e-02,
        -9.4662e-03,  2.9861e-02,  1.2987e-02,  2.3548e-02,  4.2122e-02,
         3.7199e-02,  9.1737e-04,  1.6776e-02,  4.3751e-02, -1.4043e-02,
        -1.8072e-02,  3.4521e-02, -2.1779e-02, -3.1683e-02,  7.6426e-02,
         2.4586e-02,  5.3254e-02,  3.1903e-03,  3.4385e-02,  2.7884e-02,
         3.7212e-02,  9.7008e-03,  1.8973e-02, -1.1596e-03,  2.5022e-02,
        -6.8438e-03,  4.0211e-03,  1.9503e-02, -3.6860e-03,  3.0304e-02,
         1.1861e-02,  2.6010e-02, -2.8473e-02,  8.7247e-04,  1.0745e-02,
         6.2500e-02,  2.3855e-02, -8.2569e-04,  4.4517e-02,  4.9672e-03,
        -9.1484e-03,  8.4310e-03, -2.0747e-02,  4.8521e-02, -2.1545e-02,
         3.8537e-02,  3.1545e-02,  2.0219e-02,  1.6805e-02,  1.1606e-03,
         3.4116e-02,  6.9966e-03,  1.8598e-02,  1.1665e-02,  1.6688e-02,
         3.2976e-02,  2.2968e-03, -1.6573e-02, -6.3230e-03,  5.5271e-02,
         5.0245e-02, -3.7020e-02, -9.0704e-03, -1.4824e-04,  9.4644e-02,
         4.2044e-02, -1.7681e-02,  6.9946e-04, -1.3132e-02,  2.7284e-02,
         1.9762e-02,  3.5015e-02, -5.0838e-03, -4.2224e-03, -4.5935e-03,
         4.2896e-02, -3.1545e-02,  2.9686e-05,  6.5399e-03,  5.4811e-02,
         1.0933e-02, -2.5919e-02, -1.1452e-02,  8.3324e-02,  1.3277e-02,
         2.3219e-02, -1.2117e-02,  5.6387e-03,  1.3927e-02, -1.3473e-02,
         5.1102e-02,  2.8071e-02, -4.8738e-03,  5.0189e-02, -5.0110e-03,
        -7.5439e-03,  9.8177e-03,  2.9255e-02,  3.2429e-02, -3.6820e-03,
        -1.0489e-02,  3.6443e-02, -3.5842e-02,  3.4881e-02,  5.5813e-02,
        -5.3951e-03,  4.6632e-02,  6.8951e-02,  3.8736e-02,  2.8845e-02,
        -2.0684e-02,  9.9018e-03, -1.8971e-02,  2.6690e-02,  8.6177e-03,
         3.5010e-02,  3.6361e-02,  1.0396e-03,  5.2472e-02,  3.5541e-02,
        -6.7889e-03, -2.5481e-02,  2.0021e-02, -1.1908e-02,  4.3862e-02,
         7.9671e-02,  8.1876e-02,  4.5802e-02,  4.6486e-02,  3.1382e-02])), ('fc2.weight', tensor([[ 2.8686e-02,  7.7687e-03,  3.5233e-02,  ...,  5.4207e-02,
          2.4516e-02,  3.6699e-02],
        [-3.0173e-03, -1.2505e-03,  5.3043e-02,  ..., -1.0448e-02,
         -5.2267e-02, -1.9296e-02],
        [-2.6481e-03,  2.7061e-02,  5.2386e-02,  ..., -4.4896e-02,
         -1.1778e-03,  4.9588e-02],
        ...,
        [-6.4344e-03, -3.0599e-02, -4.4848e-02,  ...,  6.7544e-02,
          1.0322e-03, -5.2442e-02],
        [-2.0861e-02, -5.1391e-02, -4.6095e-02,  ..., -4.0502e-02,
          6.6449e-02,  1.7487e-02],
        [-2.4606e-02, -2.3298e-02,  2.1167e-02,  ..., -2.0108e-02,
          4.1367e-05,  6.4862e-03]])), ('fc2.bias', tensor([-0.0478,  0.0820,  0.0867,  0.0974,  0.0466, -0.0236,  0.0807, -0.0620,
         0.0774, -0.0482, -0.0109,  0.0540, -0.0265,  0.0125,  0.0573, -0.0035,
        -0.0316,  0.0754,  0.0655, -0.0503,  0.0651,  0.0965,  0.0606,  0.0971,
        -0.0138,  0.0283,  0.0174, -0.0183, -0.0023,  0.0295,  0.0138,  0.0721,
         0.0310,  0.0796,  0.0783,  0.0222, -0.0341, -0.0560,  0.0834, -0.0161,
        -0.0276, -0.0261,  0.0688,  0.0660, -0.0034, -0.0010,  0.0456, -0.0487,
         0.0110, -0.0560,  0.0280,  0.0111, -0.0275,  0.0962, -0.0301, -0.0060,
         0.0965,  0.0546,  0.0870,  0.0214,  0.0447, -0.0026, -0.0463, -0.0192,
         0.0597,  0.0451,  0.0747, -0.0549, -0.0585, -0.0269, -0.0113,  0.0224,
        -0.0393, -0.0378, -0.0634,  0.0919,  0.0816,  0.0346,  0.0002,  0.0216,
         0.0476, -0.0533, -0.0516,  0.0375,  0.0645,  0.0774,  0.0109,  0.0954,
        -0.0125,  0.0080,  0.0816,  0.0327,  0.0664, -0.0140,  0.0134, -0.0513,
        -0.0573, -0.0651, -0.0270, -0.0057, -0.0027,  0.0055, -0.0302, -0.0461,
        -0.0075,  0.0081,  0.0484,  0.0374, -0.0568,  0.0656,  0.0617, -0.0196,
        -0.0119,  0.0759, -0.0324,  0.0483, -0.0611,  0.0495, -0.0202,  0.0751,
         0.0511, -0.0133,  0.0108, -0.0150, -0.0464,  0.0487, -0.0125, -0.0004,
        -0.0197,  0.0486,  0.0760,  0.0237,  0.0627,  0.0375, -0.0214, -0.0020,
         0.0683,  0.0500, -0.0552,  0.0083,  0.0907, -0.0385, -0.0124, -0.0391,
         0.0743,  0.0744,  0.0368,  0.0625, -0.0594,  0.1047,  0.0374, -0.0575,
         0.0165, -0.0182, -0.0278,  0.0377,  0.0614,  0.0607, -0.0250,  0.0523,
         0.0779,  0.0025, -0.0192, -0.0706, -0.0205, -0.0462,  0.0836,  0.0181,
         0.0657,  0.0736, -0.0246, -0.0383,  0.0181, -0.0443,  0.0673,  0.0533,
         0.0326,  0.0074, -0.0340,  0.0463,  0.0354, -0.0606, -0.0075,  0.0059,
         0.0571, -0.0136, -0.0007,  0.0570, -0.0147,  0.0789,  0.0190,  0.0395,
         0.0267, -0.0471,  0.0728,  0.0365, -0.0070, -0.0275,  0.0578, -0.0340])), ('fc3.weight', tensor([[ 0.0237,  0.0531,  0.1332,  ..., -0.0662,  0.1018, -0.0095],
        [ 0.0888, -0.0153, -0.0962,  ...,  0.0765,  0.0676, -0.0209],
        [ 0.0154,  0.0987, -0.0294,  ..., -0.0606, -0.1005, -0.0558],
        ...,
        [-0.0408, -0.0660, -0.0713,  ..., -0.0057,  0.0950,  0.0354],
        [-0.0352,  0.0586, -0.0089,  ..., -0.0356, -0.0624, -0.0457],
        [ 0.0763,  0.0482,  0.1086,  ...,  0.0577,  0.0149,  0.1412]])), ('fc3.bias', tensor([-0.0444,  0.0825,  0.0113, -0.0134, -0.0701,  0.0302, -0.0325,  0.0834,
        -0.0610,  0.0752]))]), OrderedDict([('fc1.weight', tensor([[-0.0282,  0.0354, -0.0076,  ...,  0.0326,  0.0335,  0.0353],
        [ 0.0204,  0.0259, -0.0151,  ...,  0.0155,  0.0037, -0.0179],
        [ 0.0280, -0.0161, -0.0088,  ..., -0.0114, -0.0168,  0.0169],
        ...,
        [-0.0260,  0.0315,  0.0168,  ...,  0.0177,  0.0204,  0.0252],
        [-0.0160, -0.0080, -0.0166,  ..., -0.0145,  0.0211,  0.0244],
        [ 0.0127,  0.0276, -0.0146,  ...,  0.0009, -0.0345,  0.0199]])), ('fc1.bias', tensor([ 4.3076e-02,  3.7287e-02, -1.8721e-03, -1.1149e-02, -1.8711e-02,
         2.5743e-02,  1.2850e-02, -1.6275e-03, -2.3237e-02,  4.6283e-02,
         2.8475e-02,  7.0091e-02,  2.2065e-02,  4.1557e-02,  1.6975e-02,
         3.1945e-02, -1.5860e-02,  2.8461e-02,  2.1862e-02, -1.3098e-03,
         3.9225e-02,  3.9712e-02,  8.4988e-02, -1.1537e-03,  1.2930e-02,
         2.1160e-02, -2.5075e-02,  3.1085e-02,  2.2000e-02, -3.3710e-03,
         1.6860e-02,  1.1768e-02,  1.7675e-02, -2.8470e-03, -8.2872e-03,
         4.2566e-02,  5.6948e-03,  2.9332e-02, -1.3118e-03,  2.1223e-02,
         2.1023e-02,  2.6340e-02,  1.8217e-02,  3.5279e-02,  2.8861e-02,
        -7.5859e-03,  1.7081e-02,  6.2197e-02,  2.8247e-02,  1.2388e-02,
         4.0239e-02, -1.2938e-02,  4.7424e-02,  1.8791e-02, -2.4526e-02,
         2.7267e-02,  3.8200e-02,  3.7429e-02,  2.9820e-02,  6.0970e-02,
         3.5442e-02,  1.7260e-02,  2.0463e-02,  5.0171e-02,  1.7521e-02,
         3.7215e-02,  2.3091e-02,  1.6718e-04, -2.2001e-02, -1.2583e-02,
        -1.2657e-02,  2.9011e-02,  9.0612e-03,  2.5315e-02,  4.1903e-02,
         3.4968e-02, -2.3157e-03,  1.2447e-02,  4.4930e-02, -1.3133e-02,
        -1.7238e-02,  3.9299e-02, -2.0541e-02, -3.1834e-02,  8.2072e-02,
         2.7707e-02,  6.0871e-02,  3.3484e-03,  3.2704e-02,  3.2279e-02,
         3.4633e-02,  8.0549e-03,  1.9489e-02,  1.5967e-03,  2.7281e-02,
        -6.7132e-03,  7.1474e-03,  1.9344e-02, -9.9801e-04,  2.8186e-02,
         1.5906e-02,  2.3623e-02, -2.7668e-02,  4.8808e-03,  9.0168e-03,
         6.1264e-02,  2.4710e-02,  5.1230e-03,  4.5243e-02,  1.8546e-03,
        -5.9777e-03,  9.8640e-03, -1.7555e-02,  5.5835e-02, -2.6493e-02,
         3.8564e-02,  3.0693e-02,  2.1167e-02,  1.6851e-02, -2.2483e-03,
         3.4804e-02,  7.6639e-03,  1.9834e-02,  1.2999e-02,  2.0234e-02,
         3.7827e-02, -4.0185e-03, -2.2882e-02, -6.0380e-03,  5.3501e-02,
         4.9055e-02, -3.7713e-02, -8.5737e-03, -2.2481e-05,  9.3444e-02,
         4.0136e-02, -1.9563e-02,  1.2707e-03, -1.4019e-02,  2.7706e-02,
         2.4359e-02,  3.4656e-02, -2.1501e-03, -3.6620e-03, -3.6420e-03,
         3.9473e-02, -3.1532e-02, -1.1073e-03,  6.2076e-03,  5.5225e-02,
         1.0823e-02, -2.7587e-02, -9.7595e-03,  8.5297e-02,  1.3468e-02,
         2.6292e-02, -1.1992e-02,  9.6812e-03,  1.6399e-02, -1.3155e-02,
         5.2290e-02,  3.1395e-02, -4.6340e-03,  4.8576e-02, -6.5473e-03,
        -6.3161e-03,  1.1399e-02,  3.2208e-02,  3.0013e-02, -3.6880e-03,
        -9.0977e-03,  3.8968e-02, -3.5443e-02,  4.4783e-02,  5.3105e-02,
        -4.6420e-03,  4.6746e-02,  6.6302e-02,  3.6720e-02,  3.0092e-02,
        -2.2960e-02,  1.2951e-02, -1.4510e-02,  2.6524e-02,  1.1518e-02,
         3.6020e-02,  3.4786e-02, -1.8707e-03,  5.4790e-02,  3.5912e-02,
        -1.0196e-02, -2.8566e-02,  2.2561e-02, -1.3640e-02,  4.5729e-02,
         7.3371e-02,  7.8351e-02,  4.4624e-02,  4.5004e-02,  3.6189e-02])), ('fc2.weight', tensor([[ 0.0268,  0.0058,  0.0340,  ...,  0.0535,  0.0226,  0.0343],
        [-0.0061, -0.0045,  0.0513,  ..., -0.0112, -0.0493, -0.0213],
        [-0.0088,  0.0229,  0.0522,  ..., -0.0457,  0.0057,  0.0574],
        ...,
        [-0.0087, -0.0323, -0.0449,  ...,  0.0674,  0.0058, -0.0496],
        [-0.0187, -0.0493, -0.0446,  ..., -0.0397,  0.0695,  0.0199],
        [-0.0271, -0.0273,  0.0189,  ..., -0.0209,  0.0028,  0.0013]])), ('fc2.bias', tensor([-0.0517,  0.0791,  0.0870,  0.1007,  0.0492, -0.0250,  0.0809, -0.0620,
         0.0825, -0.0487, -0.0166,  0.0535, -0.0299,  0.0121,  0.0603, -0.0018,
        -0.0318,  0.0720,  0.0686, -0.0514,  0.0651,  0.0955,  0.0600,  0.0965,
        -0.0138,  0.0300,  0.0139, -0.0224, -0.0015,  0.0227,  0.0138,  0.0717,
         0.0336,  0.0843,  0.0816,  0.0203, -0.0407, -0.0560,  0.0878, -0.0150,
        -0.0255, -0.0265,  0.0774,  0.0660, -0.0022,  0.0033,  0.0485, -0.0495,
         0.0112, -0.0530,  0.0275,  0.0113, -0.0248,  0.0963, -0.0277, -0.0037,
         0.1025,  0.0589,  0.0855,  0.0244,  0.0403, -0.0026, -0.0458, -0.0205,
         0.0584,  0.0468,  0.0785, -0.0568, -0.0691, -0.0235, -0.0113,  0.0260,
        -0.0360, -0.0351, -0.0624,  0.0959,  0.0880,  0.0349,  0.0001,  0.0180,
         0.0468, -0.0521, -0.0516,  0.0353,  0.0636,  0.0754,  0.0109,  0.0903,
        -0.0125,  0.0065,  0.0852,  0.0335,  0.0690, -0.0110,  0.0178, -0.0511,
        -0.0514, -0.0620, -0.0316, -0.0027, -0.0057,  0.0045, -0.0292, -0.0455,
        -0.0075,  0.0081,  0.0547,  0.0410, -0.0569,  0.0662,  0.0593, -0.0220,
        -0.0093,  0.0674, -0.0339,  0.0488, -0.0611,  0.0496, -0.0212,  0.0766,
         0.0509, -0.0158,  0.0098, -0.0117, -0.0464,  0.0494, -0.0078, -0.0056,
        -0.0197,  0.0513,  0.0814,  0.0237,  0.0621,  0.0376, -0.0147, -0.0020,
         0.0714,  0.0502, -0.0552,  0.0072,  0.0929, -0.0361, -0.0108, -0.0437,
         0.0790,  0.0724,  0.0352,  0.0641, -0.0594,  0.1042,  0.0333, -0.0564,
         0.0168, -0.0135, -0.0267,  0.0302,  0.0688,  0.0628, -0.0177,  0.0459,
         0.0797,  0.0045, -0.0167, -0.0706, -0.0276, -0.0391,  0.0824,  0.0143,
         0.0625,  0.0699, -0.0246, -0.0395,  0.0231, -0.0453,  0.0632,  0.0578,
         0.0326,  0.0133, -0.0312,  0.0501,  0.0366, -0.0575, -0.0075,  0.0059,
         0.0593, -0.0128,  0.0049,  0.0602, -0.0119,  0.0799,  0.0227,  0.0395,
         0.0263, -0.0499,  0.0740,  0.0337, -0.0135, -0.0260,  0.0631, -0.0370])), ('fc3.weight', tensor([[ 0.0237,  0.0507,  0.1292,  ..., -0.0688,  0.0977, -0.0108],
        [ 0.0898, -0.0161, -0.0979,  ...,  0.0752,  0.0637, -0.0210],
        [ 0.0157,  0.0991, -0.0295,  ..., -0.0606, -0.1011, -0.0552],
        ...,
        [-0.0329, -0.0318, -0.0550,  ...,  0.0250,  0.1331,  0.0787],
        [-0.0351,  0.0559, -0.0125,  ..., -0.0382, -0.0657, -0.0467],
        [ 0.0635,  0.0121,  0.0670,  ...,  0.0243, -0.0176,  0.1024]])), ('fc3.bias', tensor([-0.0471,  0.0809,  0.0111, -0.0327, -0.0700,  0.0557, -0.0345,  0.1164,
        -0.0635,  0.0451]))]), OrderedDict([('fc1.weight', tensor([[-0.0282,  0.0354, -0.0076,  ...,  0.0326,  0.0335,  0.0353],
        [ 0.0204,  0.0259, -0.0151,  ...,  0.0155,  0.0037, -0.0179],
        [ 0.0280, -0.0161, -0.0088,  ..., -0.0114, -0.0168,  0.0169],
        ...,
        [-0.0260,  0.0315,  0.0168,  ...,  0.0177,  0.0204,  0.0252],
        [-0.0160, -0.0080, -0.0166,  ..., -0.0145,  0.0211,  0.0244],
        [ 0.0127,  0.0276, -0.0146,  ...,  0.0009, -0.0345,  0.0199]])), ('fc1.bias', tensor([ 0.0422,  0.0356, -0.0015, -0.0112, -0.0160,  0.0238,  0.0104, -0.0038,
        -0.0254,  0.0437,  0.0305,  0.0646,  0.0176,  0.0466,  0.0156,  0.0302,
        -0.0201,  0.0318,  0.0195, -0.0026,  0.0389,  0.0356,  0.0787,  0.0018,
         0.0143,  0.0211, -0.0247,  0.0293,  0.0184, -0.0057,  0.0222,  0.0108,
         0.0146, -0.0070, -0.0102,  0.0512,  0.0065,  0.0258, -0.0047,  0.0127,
         0.0213,  0.0274,  0.0192,  0.0360,  0.0210, -0.0054,  0.0135,  0.0665,
         0.0311,  0.0138,  0.0397, -0.0166,  0.0473,  0.0176, -0.0256,  0.0280,
         0.0456,  0.0353,  0.0351,  0.0538,  0.0387,  0.0184,  0.0176,  0.0517,
         0.0178,  0.0314,  0.0241, -0.0004, -0.0185, -0.0083, -0.0120,  0.0300,
         0.0112,  0.0225,  0.0396,  0.0355, -0.0022,  0.0107,  0.0444, -0.0083,
        -0.0188,  0.0383, -0.0238, -0.0317,  0.0789,  0.0248,  0.0612,  0.0028,
         0.0364,  0.0298,  0.0363,  0.0093,  0.0186,  0.0019,  0.0295, -0.0063,
         0.0049,  0.0196, -0.0005,  0.0287,  0.0145,  0.0225, -0.0282,  0.0019,
         0.0077,  0.0635,  0.0234,  0.0043,  0.0462,  0.0018, -0.0004,  0.0089,
        -0.0210,  0.0511, -0.0253,  0.0394,  0.0311,  0.0212,  0.0153, -0.0025,
         0.0441,  0.0073,  0.0186,  0.0142,  0.0164,  0.0347, -0.0008, -0.0173,
        -0.0087,  0.0515,  0.0531, -0.0362, -0.0126, -0.0036,  0.0961,  0.0473,
        -0.0174,  0.0004, -0.0130,  0.0267,  0.0253,  0.0342, -0.0083, -0.0057,
        -0.0068,  0.0378, -0.0297, -0.0013,  0.0050,  0.0532,  0.0073, -0.0277,
        -0.0055,  0.0840,  0.0132,  0.0289, -0.0119,  0.0063,  0.0144, -0.0102,
         0.0524,  0.0281, -0.0044,  0.0479, -0.0073, -0.0042,  0.0097,  0.0305,
         0.0296, -0.0042, -0.0091,  0.0360, -0.0365,  0.0404,  0.0485,  0.0013,
         0.0500,  0.0700,  0.0361,  0.0318, -0.0204,  0.0117, -0.0176,  0.0321,
         0.0110,  0.0349,  0.0349, -0.0009,  0.0460,  0.0454, -0.0095, -0.0276,
         0.0225, -0.0120,  0.0422,  0.0764,  0.0805,  0.0493,  0.0480,  0.0317])), ('fc2.weight', tensor([[ 0.0276,  0.0070,  0.0358,  ...,  0.0554,  0.0273,  0.0371],
        [-0.0048, -0.0029,  0.0528,  ..., -0.0107, -0.0463, -0.0174],
        [-0.0027,  0.0258,  0.0506,  ..., -0.0480,  0.0011,  0.0508],
        ...,
        [-0.0088, -0.0323, -0.0441,  ...,  0.0691,  0.0078, -0.0508],
        [-0.0215, -0.0514, -0.0452,  ..., -0.0390,  0.0687,  0.0182],
        [-0.0258, -0.0254,  0.0200,  ..., -0.0218,  0.0044,  0.0075]])), ('fc2.bias', tensor([-0.0456,  0.0836,  0.0836,  0.0950,  0.0457, -0.0189,  0.0875, -0.0620,
         0.0746, -0.0485, -0.0131,  0.0540, -0.0278,  0.0093,  0.0585, -0.0056,
        -0.0300,  0.0718,  0.0658, -0.0513,  0.0651,  0.0953,  0.0588,  0.0991,
        -0.0138,  0.0299,  0.0160, -0.0154, -0.0031,  0.0256,  0.0138,  0.0719,
         0.0286,  0.0746,  0.0832,  0.0238, -0.0418, -0.0560,  0.0853, -0.0134,
        -0.0245, -0.0238,  0.0745,  0.0735, -0.0030, -0.0033,  0.0490, -0.0520,
         0.0078, -0.0582,  0.0272,  0.0172, -0.0275,  0.1005, -0.0330, -0.0031,
         0.1056,  0.0548,  0.0903,  0.0229,  0.0410, -0.0026, -0.0442, -0.0199,
         0.0641,  0.0483,  0.0776, -0.0551, -0.0624, -0.0276, -0.0113,  0.0232,
        -0.0407, -0.0383, -0.0643,  0.0967,  0.0830,  0.0348,  0.0002,  0.0200,
         0.0531, -0.0539, -0.0516,  0.0392,  0.0618,  0.0744,  0.0109,  0.0922,
        -0.0125,  0.0063,  0.0892,  0.0339,  0.0682, -0.0141,  0.0144, -0.0512,
        -0.0575, -0.0646, -0.0299, -0.0060, -0.0049,  0.0014, -0.0312, -0.0463,
        -0.0075,  0.0081,  0.0522,  0.0365, -0.0564,  0.0577,  0.0666, -0.0259,
        -0.0115,  0.0700, -0.0365,  0.0489, -0.0611,  0.0512, -0.0215,  0.0762,
         0.0474, -0.0174,  0.0119, -0.0103, -0.0464,  0.0456, -0.0117,  0.0008,
        -0.0197,  0.0525,  0.0796,  0.0237,  0.0690,  0.0375, -0.0158, -0.0020,
         0.0714,  0.0579, -0.0552,  0.0108,  0.0953, -0.0370, -0.0136, -0.0406,
         0.0758,  0.0783,  0.0418,  0.0639, -0.0594,  0.1092,  0.0362, -0.0566,
         0.0127, -0.0158, -0.0260,  0.0333,  0.0679,  0.0590, -0.0213,  0.0509,
         0.0742,  0.0027, -0.0185, -0.0706, -0.0207, -0.0455,  0.0859,  0.0120,
         0.0659,  0.0787, -0.0246, -0.0400,  0.0146, -0.0461,  0.0657,  0.0521,
         0.0326,  0.0073, -0.0360,  0.0413,  0.0395, -0.0619, -0.0075,  0.0059,
         0.0566, -0.0162, -0.0007,  0.0574, -0.0137,  0.0807,  0.0258,  0.0395,
         0.0295, -0.0509,  0.0790,  0.0341, -0.0072, -0.0234,  0.0607, -0.0351])), ('fc3.weight', tensor([[ 0.0235,  0.0550,  0.1357,  ..., -0.0646,  0.1032, -0.0085],
        [ 0.1057,  0.0222, -0.0882,  ...,  0.1191,  0.0942, -0.0107],
        [ 0.0145,  0.0978, -0.0289,  ..., -0.0619, -0.1013, -0.0562],
        ...,
        [-0.0419, -0.0668, -0.0705,  ..., -0.0070,  0.0944,  0.0353],
        [-0.0360,  0.0573, -0.0092,  ..., -0.0373, -0.0635, -0.0465],
        [ 0.0637,  0.0454,  0.1186,  ...,  0.0495,  0.0176,  0.1424]])), ('fc3.bias', tensor([-0.0435,  0.1186,  0.0103, -0.0327, -0.0702,  0.0289, -0.0335,  0.0825,
        -0.0622,  0.0629]))]), OrderedDict([('fc1.weight', tensor([[-0.0282,  0.0354, -0.0076,  ...,  0.0326,  0.0335,  0.0353],
        [ 0.0204,  0.0259, -0.0151,  ...,  0.0155,  0.0037, -0.0179],
        [ 0.0280, -0.0161, -0.0088,  ..., -0.0114, -0.0168,  0.0169],
        ...,
        [-0.0260,  0.0315,  0.0168,  ...,  0.0177,  0.0204,  0.0252],
        [-0.0160, -0.0080, -0.0166,  ..., -0.0145,  0.0211,  0.0244],
        [ 0.0127,  0.0276, -0.0146,  ...,  0.0009, -0.0345,  0.0199]])), ('fc1.bias', tensor([ 0.0429,  0.0339, -0.0018, -0.0115, -0.0161,  0.0237,  0.0106, -0.0055,
        -0.0207,  0.0454,  0.0307,  0.0650,  0.0188,  0.0480,  0.0166,  0.0325,
        -0.0194,  0.0308,  0.0214, -0.0032,  0.0366,  0.0359,  0.0758, -0.0013,
         0.0127,  0.0205, -0.0255,  0.0298,  0.0218, -0.0059,  0.0198,  0.0113,
         0.0155, -0.0057, -0.0099,  0.0528,  0.0045,  0.0249, -0.0046,  0.0149,
         0.0216,  0.0296,  0.0187,  0.0362,  0.0233, -0.0036,  0.0121,  0.0670,
         0.0319,  0.0133,  0.0403, -0.0150,  0.0470,  0.0173, -0.0254,  0.0266,
         0.0445,  0.0363,  0.0355,  0.0534,  0.0395,  0.0174,  0.0191,  0.0525,
         0.0200,  0.0333,  0.0242,  0.0002, -0.0223, -0.0096, -0.0117,  0.0286,
         0.0086,  0.0249,  0.0400,  0.0350, -0.0026,  0.0090,  0.0444, -0.0097,
        -0.0168,  0.0394, -0.0228, -0.0317,  0.0796,  0.0250,  0.0640,  0.0031,
         0.0359,  0.0302,  0.0366,  0.0079,  0.0184,  0.0025,  0.0302, -0.0063,
         0.0058,  0.0228,  0.0004,  0.0276,  0.0198,  0.0201, -0.0280,  0.0025,
         0.0072,  0.0634,  0.0235,  0.0054,  0.0468,  0.0018, -0.0028,  0.0086,
        -0.0198,  0.0532, -0.0253,  0.0399,  0.0308,  0.0206,  0.0140, -0.0039,
         0.0456,  0.0073,  0.0186,  0.0116,  0.0151,  0.0365, -0.0016, -0.0215,
        -0.0077,  0.0528,  0.0525, -0.0339, -0.0122, -0.0042,  0.0949,  0.0467,
        -0.0192,  0.0041, -0.0130,  0.0275,  0.0273,  0.0351, -0.0079, -0.0047,
        -0.0103,  0.0367, -0.0307, -0.0021,  0.0051,  0.0520,  0.0070, -0.0285,
        -0.0058,  0.0826,  0.0130,  0.0290, -0.0120,  0.0054,  0.0136, -0.0101,
         0.0530,  0.0293, -0.0045,  0.0471, -0.0063, -0.0053,  0.0126,  0.0307,
         0.0301, -0.0040, -0.0101,  0.0380, -0.0347,  0.0422,  0.0483,  0.0027,
         0.0500,  0.0683,  0.0356,  0.0308, -0.0195,  0.0120, -0.0162,  0.0303,
         0.0124,  0.0352,  0.0332, -0.0018,  0.0472,  0.0452, -0.0107, -0.0279,
         0.0223, -0.0138,  0.0425,  0.0738,  0.0785,  0.0478,  0.0481,  0.0327])), ('fc2.weight', tensor([[ 0.0245,  0.0054,  0.0350,  ...,  0.0552,  0.0250,  0.0367],
        [-0.0070, -0.0044,  0.0523,  ..., -0.0105, -0.0474, -0.0182],
        [-0.0062,  0.0229,  0.0502,  ..., -0.0468,  0.0003,  0.0480],
        ...,
        [-0.0099, -0.0328, -0.0447,  ...,  0.0686,  0.0068, -0.0503],
        [-0.0185, -0.0494, -0.0449,  ..., -0.0397,  0.0698,  0.0195],
        [-0.0273, -0.0272,  0.0192,  ..., -0.0213,  0.0045,  0.0051]])), ('fc2.bias', tensor([-0.0474,  0.0823,  0.0811,  0.0951,  0.0457, -0.0194,  0.0875, -0.0620,
         0.0757, -0.0489, -0.0147,  0.0542, -0.0284,  0.0107,  0.0585, -0.0037,
        -0.0293,  0.0719,  0.0684, -0.0517,  0.0651,  0.0933,  0.0601,  0.0987,
        -0.0138,  0.0300,  0.0142, -0.0179, -0.0043,  0.0221,  0.0138,  0.0719,
         0.0297,  0.0765,  0.0835,  0.0241, -0.0446, -0.0560,  0.0883, -0.0134,
        -0.0223, -0.0237,  0.0774,  0.0721, -0.0021,  0.0003,  0.0498, -0.0548,
         0.0080, -0.0579,  0.0266,  0.0178, -0.0271,  0.1009, -0.0331, -0.0021,
         0.1070,  0.0554,  0.0898,  0.0231,  0.0387, -0.0026, -0.0442, -0.0219,
         0.0632,  0.0486,  0.0784, -0.0557, -0.0651, -0.0248, -0.0113,  0.0237,
        -0.0404, -0.0383, -0.0628,  0.0967,  0.0848,  0.0354,  0.0001,  0.0182,
         0.0523, -0.0526, -0.0516,  0.0392,  0.0624,  0.0716,  0.0109,  0.0913,
        -0.0125,  0.0048,  0.0893,  0.0336,  0.0707, -0.0149,  0.0148, -0.0512,
        -0.0551, -0.0630, -0.0333, -0.0049, -0.0071,  0.0004, -0.0305, -0.0460,
        -0.0075,  0.0081,  0.0544,  0.0373, -0.0567,  0.0572,  0.0669, -0.0265,
        -0.0096,  0.0663, -0.0360,  0.0487, -0.0611,  0.0524, -0.0217,  0.0768,
         0.0473, -0.0196,  0.0114, -0.0088, -0.0464,  0.0460, -0.0118, -0.0039,
        -0.0197,  0.0542,  0.0823,  0.0237,  0.0693,  0.0377, -0.0144, -0.0020,
         0.0724,  0.0563, -0.0552,  0.0098,  0.0973, -0.0363, -0.0124, -0.0421,
         0.0781,  0.0779,  0.0405,  0.0644, -0.0594,  0.1070,  0.0367, -0.0564,
         0.0135, -0.0156, -0.0271,  0.0303,  0.0701,  0.0599, -0.0189,  0.0497,
         0.0755,  0.0033, -0.0169, -0.0706, -0.0224, -0.0444,  0.0861,  0.0100,
         0.0652,  0.0771, -0.0246, -0.0399,  0.0152, -0.0453,  0.0634,  0.0534,
         0.0326,  0.0070, -0.0364,  0.0413,  0.0409, -0.0605, -0.0075,  0.0060,
         0.0573, -0.0152,  0.0022,  0.0586, -0.0131,  0.0812,  0.0282,  0.0395,
         0.0293, -0.0515,  0.0787,  0.0335, -0.0098, -0.0241,  0.0623, -0.0368])), ('fc3.weight', tensor([[ 0.0236,  0.0547,  0.1351,  ..., -0.0653,  0.1021, -0.0092],
        [ 0.1052,  0.0229, -0.0801,  ...,  0.1179,  0.0898, -0.0167],
        [ 0.0148,  0.0984, -0.0280,  ..., -0.0617, -0.1014, -0.0559],
        ...,
        [-0.0434, -0.0397, -0.0356,  ...,  0.0166,  0.1352,  0.0794],
        [-0.0357,  0.0582, -0.0083,  ..., -0.0368, -0.0634, -0.0461],
        [ 0.0626,  0.0111,  0.0681,  ...,  0.0231, -0.0182,  0.1013]])), ('fc3.bias', tensor([-0.0439,  0.1193,  0.0105, -0.0335, -0.0690,  0.0293, -0.0327,  0.0988,
        -0.0619,  0.0442]))]), OrderedDict([('fc1.weight', tensor([[-0.0282,  0.0354, -0.0076,  ...,  0.0326,  0.0335,  0.0353],
        [ 0.0204,  0.0259, -0.0151,  ...,  0.0155,  0.0037, -0.0179],
        [ 0.0280, -0.0161, -0.0088,  ..., -0.0114, -0.0168,  0.0169],
        ...,
        [-0.0260,  0.0315,  0.0168,  ...,  0.0177,  0.0204,  0.0252],
        [-0.0160, -0.0080, -0.0166,  ..., -0.0145,  0.0211,  0.0244],
        [ 0.0127,  0.0276, -0.0146,  ...,  0.0009, -0.0345,  0.0199]])), ('fc1.bias', tensor([ 0.0402,  0.0338, -0.0033, -0.0108, -0.0154,  0.0214,  0.0087, -0.0059,
        -0.0245,  0.0436,  0.0312,  0.0613,  0.0174,  0.0501,  0.0160,  0.0310,
        -0.0201,  0.0323,  0.0200, -0.0046,  0.0364,  0.0348,  0.0729, -0.0019,
         0.0109,  0.0203, -0.0247,  0.0291,  0.0170, -0.0064,  0.0207,  0.0103,
         0.0137, -0.0076, -0.0091,  0.0558,  0.0039,  0.0246, -0.0054,  0.0119,
         0.0210,  0.0284,  0.0200,  0.0366,  0.0211, -0.0046,  0.0097,  0.0680,
         0.0327,  0.0132,  0.0390, -0.0165,  0.0473,  0.0164, -0.0254,  0.0260,
         0.0481,  0.0374,  0.0370,  0.0495,  0.0389,  0.0187,  0.0174,  0.0532,
         0.0183,  0.0316,  0.0250,  0.0003, -0.0227, -0.0081, -0.0114,  0.0284,
         0.0065,  0.0258,  0.0397,  0.0342, -0.0020,  0.0074,  0.0440, -0.0098,
        -0.0211,  0.0401, -0.0248, -0.0318,  0.0755,  0.0249,  0.0631,  0.0027,
         0.0384,  0.0298,  0.0366,  0.0083,  0.0183,  0.0018,  0.0307, -0.0047,
         0.0050,  0.0194, -0.0010,  0.0264,  0.0134,  0.0208, -0.0284,  0.0023,
         0.0051,  0.0649,  0.0225,  0.0045,  0.0467,  0.0007,  0.0008,  0.0082,
        -0.0210,  0.0520, -0.0233,  0.0387,  0.0311,  0.0210,  0.0137, -0.0036,
         0.0486,  0.0069,  0.0190,  0.0109,  0.0139,  0.0344, -0.0012, -0.0219,
        -0.0091,  0.0489,  0.0534, -0.0366, -0.0146, -0.0056,  0.0947,  0.0492,
        -0.0192, -0.0002, -0.0142,  0.0278,  0.0269,  0.0343, -0.0123, -0.0057,
        -0.0095,  0.0360, -0.0303, -0.0032,  0.0038,  0.0508,  0.0041, -0.0290,
        -0.0044,  0.0813,  0.0119,  0.0274, -0.0116,  0.0054,  0.0119, -0.0106,
         0.0517,  0.0280, -0.0047,  0.0467, -0.0067, -0.0056,  0.0086,  0.0271,
         0.0297, -0.0042, -0.0105,  0.0370, -0.0360,  0.0418,  0.0459,  0.0040,
         0.0501,  0.0698,  0.0348,  0.0305, -0.0195,  0.0117, -0.0185,  0.0322,
         0.0128,  0.0347,  0.0331, -0.0010,  0.0432,  0.0481, -0.0102, -0.0275,
         0.0219, -0.0136,  0.0399,  0.0746,  0.0792,  0.0503,  0.0499,  0.0299])), ('fc2.weight', tensor([[ 0.0264,  0.0060,  0.0339,  ...,  0.0560,  0.0272,  0.0335],
        [-0.0048, -0.0027,  0.0542,  ..., -0.0111, -0.0464, -0.0146],
        [-0.0056,  0.0235,  0.0512,  ..., -0.0478, -0.0002,  0.0509],
        ...,
        [-0.0092, -0.0328, -0.0460,  ...,  0.0693,  0.0073, -0.0538],
        [-0.0211, -0.0514, -0.0471,  ..., -0.0390,  0.0680,  0.0148],
        [-0.0293, -0.0282,  0.0190,  ..., -0.0209,  0.0039,  0.0049]])), ('fc2.bias', tensor([-0.0446,  0.0824,  0.0800,  0.0935,  0.0447, -0.0174,  0.0899, -0.0620,
         0.0732, -0.0493, -0.0133,  0.0525, -0.0293,  0.0097,  0.0575, -0.0055,
        -0.0289,  0.0707,  0.0674, -0.0529,  0.0651,  0.0931,  0.0593,  0.1005,
        -0.0138,  0.0290,  0.0142, -0.0157, -0.0047,  0.0215,  0.0138,  0.0719,
         0.0275,  0.0734,  0.0838,  0.0249, -0.0455, -0.0560,  0.0870, -0.0125,
        -0.0220, -0.0232,  0.0768,  0.0745, -0.0033, -0.0027,  0.0500, -0.0556,
         0.0059, -0.0601,  0.0261,  0.0196, -0.0287,  0.1022, -0.0360, -0.0024,
         0.1089,  0.0527,  0.0910,  0.0224,  0.0382, -0.0026, -0.0439, -0.0215,
         0.0659,  0.0482,  0.0776, -0.0566, -0.0639, -0.0267, -0.0113,  0.0229,
        -0.0413, -0.0385, -0.0642,  0.0976,  0.0835,  0.0350,  0.0002,  0.0178,
         0.0543, -0.0537, -0.0516,  0.0387,  0.0614,  0.0710,  0.0108,  0.0920,
        -0.0125,  0.0036,  0.0907,  0.0334,  0.0676, -0.0157,  0.0139, -0.0512,
        -0.0563, -0.0648, -0.0315, -0.0055, -0.0060, -0.0010, -0.0315, -0.0464,
        -0.0075,  0.0081,  0.0538,  0.0358, -0.0567,  0.0562,  0.0698, -0.0273,
        -0.0097,  0.0658, -0.0369,  0.0493, -0.0611,  0.0532, -0.0235,  0.0753,
         0.0467, -0.0203,  0.0117, -0.0090, -0.0464,  0.0449, -0.0126, -0.0007,
        -0.0197,  0.0541,  0.0816,  0.0237,  0.0711,  0.0376, -0.0139, -0.0020,
         0.0722,  0.0594, -0.0552,  0.0111,  0.0973, -0.0370, -0.0133, -0.0416,
         0.0767,  0.0808,  0.0420,  0.0643, -0.0594,  0.1092,  0.0368, -0.0566,
         0.0128, -0.0164, -0.0265,  0.0309,  0.0702,  0.0585, -0.0201,  0.0515,
         0.0733,  0.0024, -0.0183, -0.0706, -0.0205, -0.0467,  0.0878,  0.0083,
         0.0661,  0.0791, -0.0246, -0.0414,  0.0127, -0.0462,  0.0635,  0.0514,
         0.0326,  0.0061, -0.0387,  0.0388,  0.0425, -0.0618, -0.0075,  0.0059,
         0.0560, -0.0171,  0.0005,  0.0573, -0.0140,  0.0817,  0.0289,  0.0395,
         0.0319, -0.0527,  0.0814,  0.0335, -0.0077, -0.0231,  0.0614, -0.0369])), ('fc3.weight', tensor([[ 0.0234,  0.0536,  0.1349,  ..., -0.0661,  0.1027, -0.0087],
        [ 0.1149,  0.0012, -0.1056,  ...,  0.1169,  0.0873, -0.0041],
        [ 0.0145,  0.0969, -0.0288,  ..., -0.0627, -0.1013, -0.0560],
        ...,
        [-0.0411, -0.0635, -0.0659,  ..., -0.0036,  0.0980,  0.0395],
        [-0.0459,  0.1179,  0.0552,  ..., -0.0080, -0.0256, -0.0220],
        [ 0.0628,  0.0131,  0.0707,  ...,  0.0257, -0.0139,  0.1050]])), ('fc3.bias', tensor([-0.0437,  0.1324,  0.0102, -0.0313, -0.0694,  0.0272, -0.0347,  0.0848,
        -0.0614,  0.0470]))]), OrderedDict([('fc1.weight', tensor([[-0.0282,  0.0354, -0.0076,  ...,  0.0326,  0.0335,  0.0353],
        [ 0.0204,  0.0259, -0.0151,  ...,  0.0155,  0.0037, -0.0179],
        [ 0.0280, -0.0161, -0.0088,  ..., -0.0114, -0.0168,  0.0169],
        ...,
        [-0.0260,  0.0315,  0.0168,  ...,  0.0177,  0.0204,  0.0252],
        [-0.0160, -0.0080, -0.0166,  ..., -0.0145,  0.0211,  0.0244],
        [ 0.0127,  0.0276, -0.0146,  ...,  0.0009, -0.0345,  0.0199]])), ('fc1.bias', tensor([ 4.3014e-02,  3.6883e-02,  3.2776e-04, -1.1229e-02, -1.7866e-02,
         2.5324e-02,  1.2607e-02, -3.9105e-03, -2.1249e-02,  4.7200e-02,
         2.7505e-02,  6.8901e-02,  2.1317e-02,  4.1011e-02,  1.7927e-02,
         3.1703e-02, -1.7385e-02,  2.8357e-02,  2.3483e-02,  1.4416e-03,
         3.8287e-02,  3.8978e-02,  8.1316e-02,  1.6001e-04,  1.6086e-02,
         2.2979e-02, -2.5193e-02,  2.9919e-02,  2.0250e-02, -4.4756e-03,
         1.8224e-02,  1.0561e-02,  1.8961e-02, -2.2570e-03, -1.2470e-02,
         4.2567e-02,  7.6051e-03,  2.6056e-02, -3.7331e-03,  1.8663e-02,
         2.3666e-02,  2.7035e-02,  1.8243e-02,  3.3538e-02,  2.6450e-02,
        -4.3242e-03,  1.6406e-02,  6.1578e-02,  2.8632e-02,  1.4174e-02,
         4.2654e-02, -1.1556e-02,  4.7750e-02,  1.8554e-02, -2.5321e-02,
         2.5628e-02,  3.5342e-02,  3.5936e-02,  2.8740e-02,  5.8732e-02,
         3.9103e-02,  1.4287e-02,  2.1266e-02,  4.8217e-02,  1.4438e-02,
         3.6575e-02,  1.9896e-02, -8.3800e-04, -2.1945e-02, -1.2836e-02,
        -1.1162e-02,  2.7541e-02,  8.6538e-03,  2.5203e-02,  3.9105e-02,
         3.7406e-02, -5.4496e-04,  1.4193e-02,  4.7392e-02, -1.2603e-02,
        -1.7367e-02,  3.7902e-02, -2.2544e-02, -3.1772e-02,  8.4108e-02,
         2.4320e-02,  6.1675e-02,  3.4443e-03,  3.2090e-02,  3.1131e-02,
         3.6004e-02,  5.3135e-03,  1.8778e-02,  7.7676e-04,  2.5069e-02,
        -6.9677e-03,  5.2828e-03,  2.1083e-02, -4.1998e-04,  2.9191e-02,
         1.6658e-02,  2.0556e-02, -2.8227e-02,  2.1585e-03,  1.2288e-02,
         6.2221e-02,  2.5955e-02,  6.3857e-04,  4.5358e-02,  2.3489e-03,
        -8.0107e-03,  9.2293e-03, -1.8682e-02,  5.4608e-02, -2.6629e-02,
         3.9639e-02,  3.1310e-02,  2.0703e-02,  1.4230e-02, -5.4376e-04,
         3.9245e-02,  7.3792e-03,  1.7845e-02,  1.0079e-02,  1.9134e-02,
         3.6639e-02, -3.4579e-03, -2.3234e-02, -8.1376e-03,  5.4313e-02,
         5.0497e-02, -3.7391e-02, -8.1727e-03, -1.9806e-03,  9.2965e-02,
         3.9583e-02, -1.9994e-02,  2.8436e-03, -1.2405e-02,  2.7049e-02,
         2.5029e-02,  3.4920e-02, -6.2206e-05, -3.2489e-03, -8.1138e-03,
         4.0265e-02, -3.1406e-02, -2.4197e-03,  5.0963e-03,  5.3021e-02,
         9.4483e-03, -2.8786e-02, -1.1107e-02,  8.4716e-02,  1.2947e-02,
         2.4144e-02, -1.2093e-02,  5.9335e-03,  1.4478e-02, -1.3865e-02,
         5.4680e-02,  3.1336e-02, -4.7024e-03,  4.9466e-02, -4.5689e-03,
        -8.3572e-03,  1.2801e-02,  3.0546e-02,  3.0629e-02, -3.7252e-03,
        -8.9310e-03,  3.8575e-02, -3.5972e-02,  3.8044e-02,  5.3736e-02,
        -2.9083e-03,  4.6760e-02,  6.5815e-02,  3.9304e-02,  2.9360e-02,
        -2.0425e-02,  1.3319e-02, -1.4597e-02,  2.6226e-02,  1.1699e-02,
         3.6000e-02,  3.6536e-02, -1.9480e-03,  5.2578e-02,  3.7122e-02,
        -1.2095e-02, -2.8117e-02,  2.0577e-02, -1.4725e-02,  4.5869e-02,
         7.4336e-02,  7.5689e-02,  4.5458e-02,  4.4584e-02,  3.4584e-02])), ('fc2.weight', tensor([[ 0.0267,  0.0057,  0.0339,  ...,  0.0534,  0.0230,  0.0348],
        [-0.0062, -0.0038,  0.0530,  ..., -0.0108, -0.0478, -0.0178],
        [-0.0071,  0.0219,  0.0485,  ..., -0.0464,  0.0013,  0.0460],
        ...,
        [-0.0084, -0.0332, -0.0473,  ...,  0.0669,  0.0045, -0.0538],
        [-0.0188, -0.0493, -0.0445,  ..., -0.0396,  0.0697,  0.0204],
        [-0.0284, -0.0281,  0.0177,  ..., -0.0212,  0.0048,  0.0043]])), ('fc2.bias', tensor([-0.0515,  0.0818,  0.0810,  0.0960,  0.0467, -0.0247,  0.0828, -0.0620,
         0.0803, -0.0481, -0.0176,  0.0542, -0.0284,  0.0137,  0.0609,  0.0014,
        -0.0321,  0.0760,  0.0711, -0.0474,  0.0651,  0.0952,  0.0631,  0.0935,
        -0.0138,  0.0294,  0.0144, -0.0218, -0.0055,  0.0248,  0.0138,  0.0719,
         0.0355,  0.0838,  0.0837,  0.0227, -0.0414, -0.0560,  0.0871, -0.0142,
        -0.0258, -0.0243,  0.0753,  0.0655, -0.0005,  0.0076,  0.0475, -0.0535,
         0.0121, -0.0520,  0.0271,  0.0124, -0.0237,  0.0989, -0.0289, -0.0037,
         0.0995,  0.0596,  0.0872,  0.0222,  0.0425, -0.0026, -0.0464, -0.0207,
         0.0581,  0.0470,  0.0770, -0.0557, -0.0645, -0.0255, -0.0113,  0.0228,
        -0.0369, -0.0368, -0.0606,  0.0920,  0.0858,  0.0348,  0.0002,  0.0207,
         0.0480, -0.0517, -0.0516,  0.0369,  0.0638,  0.0730,  0.0109,  0.0921,
        -0.0125,  0.0062,  0.0839,  0.0342,  0.0705, -0.0134,  0.0154, -0.0512,
        -0.0521, -0.0629, -0.0325, -0.0065, -0.0095,  0.0023, -0.0290, -0.0457,
        -0.0075,  0.0081,  0.0548,  0.0391, -0.0568,  0.0613,  0.0598, -0.0226,
        -0.0102,  0.0703, -0.0332,  0.0471, -0.0611,  0.0511, -0.0198,  0.0770,
         0.0499, -0.0175,  0.0088, -0.0143, -0.0464,  0.0469, -0.0120, -0.0040,
        -0.0197,  0.0545,  0.0827,  0.0237,  0.0617,  0.0375, -0.0195, -0.0020,
         0.0737,  0.0471, -0.0552,  0.0055,  0.0979, -0.0355, -0.0103, -0.0410,
         0.0785,  0.0697,  0.0353,  0.0653, -0.0594,  0.1009,  0.0358, -0.0564,
         0.0151, -0.0165, -0.0299,  0.0303,  0.0694,  0.0634, -0.0197,  0.0487,
         0.0797,  0.0020, -0.0129, -0.0706, -0.0265, -0.0401,  0.0815,  0.0148,
         0.0635,  0.0745, -0.0246, -0.0393,  0.0182, -0.0425,  0.0652,  0.0585,
         0.0326,  0.0124, -0.0302,  0.0462,  0.0364, -0.0577, -0.0075,  0.0059,
         0.0601, -0.0117,  0.0031,  0.0597, -0.0137,  0.0800,  0.0228,  0.0395,
         0.0227, -0.0506,  0.0697,  0.0322, -0.0141, -0.0289,  0.0632, -0.0366])), ('fc3.weight', tensor([[ 0.0238,  0.0530,  0.1338,  ..., -0.0656,  0.1004, -0.0096],
        [ 0.0902, -0.0153, -0.0926,  ...,  0.0785,  0.0655, -0.0200],
        [ 0.0157,  0.0978, -0.0287,  ..., -0.0604, -0.1017, -0.0554],
        ...,
        [-0.0350, -0.0309, -0.0384,  ...,  0.0316,  0.1382,  0.0713],
        [-0.0350,  0.0570, -0.0094,  ..., -0.0362, -0.0642, -0.0459],
        [ 0.0636,  0.0117,  0.0685,  ...,  0.0251, -0.0176,  0.1022]])), ('fc3.bias', tensor([-0.0450,  0.0816,  0.0107, -0.0330, -0.0694,  0.0281, -0.0130,  0.1183,
        -0.0621,  0.0451]))]), OrderedDict([('fc1.weight', tensor([[-0.0282,  0.0354, -0.0076,  ...,  0.0326,  0.0335,  0.0353],
        [ 0.0204,  0.0259, -0.0151,  ...,  0.0155,  0.0037, -0.0179],
        [ 0.0280, -0.0161, -0.0088,  ..., -0.0114, -0.0168,  0.0169],
        ...,
        [-0.0260,  0.0315,  0.0168,  ...,  0.0177,  0.0204,  0.0252],
        [-0.0160, -0.0080, -0.0166,  ..., -0.0145,  0.0211,  0.0244],
        [ 0.0127,  0.0276, -0.0146,  ...,  0.0009, -0.0345,  0.0199]])), ('fc1.bias', tensor([ 3.8938e-02,  3.7447e-02, -9.3348e-04, -1.1464e-02, -1.8780e-02,
         2.5811e-02,  1.1290e-02, -5.0833e-04, -2.5468e-02,  4.1504e-02,
         2.9295e-02,  6.8807e-02,  1.8031e-02,  3.8301e-02,  1.4610e-02,
         2.7651e-02, -1.4550e-02,  2.8654e-02,  1.8601e-02, -2.1057e-03,
         3.7564e-02,  4.2823e-02,  7.5949e-02,  6.2181e-04,  1.3885e-02,
         2.1732e-02, -2.4792e-02,  2.9897e-02,  2.0914e-02, -3.8473e-03,
         1.7706e-02,  1.1901e-02,  1.8481e-02, -1.5130e-03, -5.7028e-03,
         4.2074e-02,  6.1168e-03,  3.0993e-02, -6.2338e-05,  1.6133e-02,
         2.2789e-02,  2.6773e-02,  1.8409e-02,  2.9099e-02,  2.4476e-02,
        -8.3906e-03,  1.4118e-02,  6.0338e-02,  3.1700e-02,  9.2744e-03,
         4.0500e-02, -1.8294e-02,  4.2987e-02,  2.1088e-02, -2.4796e-02,
         3.0417e-02,  4.0600e-02,  3.5224e-02,  2.8766e-02,  6.4526e-02,
         3.2898e-02,  1.7436e-02,  1.9767e-02,  4.5880e-02,  2.0670e-02,
         3.2645e-02,  2.5504e-02, -1.2447e-03, -2.1190e-02, -9.4223e-03,
        -1.3621e-02,  2.5340e-02,  7.7944e-03,  2.8271e-02,  4.3466e-02,
         3.6097e-02,  2.9111e-03,  1.2270e-02,  4.2742e-02, -1.2275e-02,
        -2.0310e-02,  3.7372e-02, -2.2103e-02, -3.1697e-02,  8.1490e-02,
         2.4938e-02,  5.6223e-02,  3.2155e-03,  3.5014e-02,  3.1246e-02,
         3.4261e-02,  9.5723e-03,  1.5464e-02,  4.2633e-03,  2.7432e-02,
        -7.2112e-03,  6.3680e-03,  1.6353e-02, -6.0563e-04,  2.8608e-02,
         1.3855e-02,  2.6869e-02, -3.0494e-02,  4.0110e-03,  8.7241e-03,
         5.9742e-02,  2.8650e-02,  9.0922e-03,  4.4986e-02,  1.4889e-03,
        -5.9312e-03,  8.0048e-03, -1.5879e-02,  5.5226e-02, -2.5038e-02,
         4.0436e-02,  3.1551e-02,  2.1551e-02,  1.5897e-02, -5.5518e-04,
         3.2890e-02,  7.1367e-03,  1.4762e-02,  1.4137e-02,  2.0915e-02,
         3.9062e-02, -2.0584e-03, -2.3525e-02, -4.8616e-03,  4.9299e-02,
         4.7953e-02, -3.6948e-02, -9.8962e-03, -1.2963e-03,  9.2364e-02,
         4.0363e-02, -1.9409e-02, -2.4869e-03, -1.4557e-02,  2.7427e-02,
         2.2778e-02,  3.3885e-02, -4.0368e-03, -6.7181e-03,  2.4748e-03,
         3.7389e-02, -2.7313e-02, -1.0534e-03,  6.2594e-03,  5.3333e-02,
         1.5288e-02, -2.7139e-02, -1.0310e-02,  7.9803e-02,  1.3177e-02,
         2.9724e-02, -1.1431e-02,  1.5434e-02,  2.0284e-02, -1.2809e-02,
         5.4071e-02,  2.5996e-02, -4.1809e-03,  4.9336e-02, -6.2521e-03,
        -4.5966e-03,  9.9443e-03,  2.7689e-02,  2.7912e-02, -3.7158e-03,
        -9.0894e-03,  3.9419e-02, -3.5870e-02,  3.6970e-02,  4.8554e-02,
        -4.4705e-03,  5.2086e-02,  6.2563e-02,  3.5766e-02,  3.1969e-02,
        -2.3088e-02,  1.3880e-02, -1.5055e-02,  2.7851e-02,  7.3479e-03,
         3.6639e-02,  3.4791e-02, -2.7296e-03,  5.4743e-02,  3.5461e-02,
        -8.3188e-03, -2.8488e-02,  2.5567e-02, -1.3074e-02,  4.7130e-02,
         7.1497e-02,  7.9974e-02,  4.6047e-02,  4.2235e-02,  4.1622e-02])), ('fc2.weight', tensor([[ 0.0272,  0.0059,  0.0338,  ...,  0.0535,  0.0234,  0.0344],
        [-0.0059, -0.0038,  0.0550,  ..., -0.0097, -0.0523, -0.0223],
        [-0.0064,  0.0216,  0.0406,  ..., -0.0498,  0.0144,  0.0550],
        ...,
        [-0.0085, -0.0337, -0.0512,  ...,  0.0650,  0.0100, -0.0499],
        [-0.0198, -0.0500, -0.0451,  ..., -0.0400,  0.0688,  0.0204],
        [-0.0294, -0.0290,  0.0172,  ..., -0.0219,  0.0026,  0.0030]])), ('fc2.bias', tensor([-5.0897e-02,  7.8519e-02,  9.0204e-02,  1.0276e-01,  5.1550e-02,
        -2.3716e-02,  8.5593e-02, -6.2048e-02,  7.9858e-02, -4.8394e-02,
        -1.8016e-02,  5.1547e-02, -3.0162e-02,  1.0891e-02,  6.0726e-02,
        -6.0811e-03, -3.3724e-02,  6.9143e-02,  6.6015e-02, -5.0328e-02,
         6.5082e-02,  9.4723e-02,  5.7940e-02,  1.0011e-01, -1.3766e-02,
         3.3168e-02,  1.0559e-02, -1.8457e-02,  8.8334e-04,  2.5816e-02,
         1.3847e-02,  7.1903e-02,  2.9009e-02,  8.4126e-02,  8.1627e-02,
         2.1207e-02, -3.9820e-02, -5.6024e-02,  8.0946e-02, -1.3340e-02,
        -2.7047e-02, -2.4740e-02,  7.3955e-02,  6.7376e-02, -1.9318e-03,
        -2.6865e-03,  4.9555e-02, -4.7895e-02,  8.2819e-03, -5.6403e-02,
         2.7545e-02,  1.1619e-02, -2.6339e-02,  9.6684e-02, -2.9153e-02,
        -5.2315e-03,  1.0290e-01,  5.5362e-02,  8.8156e-02,  2.3686e-02,
         4.0341e-02, -2.5991e-03, -4.5873e-02, -1.7364e-02,  5.9339e-02,
         4.1272e-02,  7.9525e-02, -5.6592e-02, -6.7554e-02, -2.6750e-02,
        -1.1332e-02,  2.6928e-02, -3.5943e-02, -3.1959e-02, -6.2146e-02,
         9.6842e-02,  8.6249e-02,  3.1023e-02,  1.8340e-04,  1.6405e-02,
         4.5082e-02, -5.3124e-02, -5.1638e-02,  3.8131e-02,  6.0951e-02,
         7.5690e-02,  1.0914e-02,  9.4466e-02, -1.2527e-02,  4.4468e-03,
         8.6061e-02,  3.4203e-02,  7.1509e-02, -9.8227e-03,  1.3177e-02,
        -5.1156e-02, -5.3869e-02, -6.2504e-02, -2.7859e-02, -3.7499e-03,
        -9.9373e-04,  8.9008e-03, -3.1562e-02, -4.4583e-02, -7.4847e-03,
         8.1286e-03,  5.4375e-02,  4.3282e-02, -5.5110e-02,  6.5352e-02,
         5.9640e-02, -2.4132e-02, -9.2168e-03,  6.8542e-02, -3.1403e-02,
         4.9494e-02, -6.1095e-02,  4.8128e-02, -2.2796e-02,  7.8745e-02,
         5.5095e-02, -1.6538e-02,  9.0701e-03, -7.3192e-03, -4.6384e-02,
         4.7394e-02, -5.6160e-03, -4.6220e-03, -1.9660e-02,  4.6462e-02,
         7.9215e-02,  2.3668e-02,  6.1807e-02,  3.7588e-02, -1.5997e-02,
        -1.9886e-03,  7.0618e-02,  5.3564e-02, -5.5197e-02,  8.2580e-03,
         9.0758e-02, -3.6264e-02, -1.1476e-02, -4.3614e-02,  7.4098e-02,
         7.4119e-02,  3.4932e-02,  6.4162e-02, -5.9361e-02,  1.0732e-01,
         3.4298e-02, -5.6361e-02,  1.7746e-02, -1.6974e-02, -2.4646e-02,
         3.0894e-02,  6.8300e-02,  6.1818e-02, -2.2082e-02,  4.7336e-02,
         7.8594e-02,  4.3563e-05, -1.6462e-02, -7.0638e-02, -2.7253e-02,
        -3.7996e-02,  7.8879e-02,  1.4289e-02,  6.2872e-02,  6.9348e-02,
        -2.4620e-02, -4.1672e-02,  2.1113e-02, -4.8742e-02,  6.0177e-02,
         5.9539e-02,  3.2636e-02,  1.4062e-02, -3.2881e-02,  4.5076e-02,
         3.3377e-02, -6.0731e-02, -7.4690e-03,  5.9489e-03,  5.7440e-02,
        -1.6948e-02,  3.3642e-03,  5.8202e-02, -1.4420e-02,  7.9057e-02,
         2.0227e-02,  3.9497e-02,  2.9953e-02, -4.9831e-02,  7.8582e-02,
         3.4245e-02, -1.0686e-02, -2.5752e-02,  6.1570e-02, -3.9763e-02])), ('fc3.weight', tensor([[ 0.0238,  0.0498,  0.1289,  ..., -0.0687,  0.0977, -0.0098],
        [ 0.0913, -0.0122, -0.0942,  ...,  0.0818,  0.0697, -0.0143],
        [ 0.0157,  0.0974, -0.0303,  ..., -0.0609, -0.1018, -0.0548],
        ...,
        [-0.0389, -0.0586, -0.0644,  ...,  0.0017,  0.1013,  0.0427],
        [-0.0351,  0.0542, -0.0137,  ..., -0.0387, -0.0667, -0.0463],
        [ 0.0640,  0.0158,  0.0713,  ...,  0.0286, -0.0123,  0.1067]])), ('fc3.bias', tensor([-0.0468,  0.0847,  0.0105, -0.0309, -0.0699,  0.0691, -0.0293,  0.0887,
        -0.0640,  0.0490]))]), OrderedDict([('fc1.weight', tensor([[-0.0282,  0.0354, -0.0076,  ...,  0.0326,  0.0335,  0.0353],
        [ 0.0204,  0.0259, -0.0151,  ...,  0.0155,  0.0037, -0.0179],
        [ 0.0280, -0.0161, -0.0088,  ..., -0.0114, -0.0168,  0.0169],
        ...,
        [-0.0260,  0.0315,  0.0168,  ...,  0.0177,  0.0204,  0.0252],
        [-0.0160, -0.0080, -0.0166,  ..., -0.0145,  0.0211,  0.0244],
        [ 0.0127,  0.0276, -0.0146,  ...,  0.0009, -0.0345,  0.0199]])), ('fc1.bias', tensor([ 0.0400,  0.0339, -0.0041, -0.0111, -0.0152,  0.0218,  0.0084, -0.0076,
        -0.0245,  0.0436,  0.0314,  0.0600,  0.0173,  0.0520,  0.0161,  0.0328,
        -0.0221,  0.0326,  0.0201, -0.0046,  0.0364,  0.0339,  0.0724, -0.0022,
         0.0118,  0.0196, -0.0247,  0.0286,  0.0172, -0.0072,  0.0205,  0.0099,
         0.0123, -0.0084, -0.0099,  0.0573,  0.0032,  0.0238, -0.0052,  0.0111,
         0.0209,  0.0290,  0.0202,  0.0375,  0.0207, -0.0040,  0.0086,  0.0691,
         0.0333,  0.0140,  0.0380, -0.0162,  0.0480,  0.0167, -0.0254,  0.0259,
         0.0489,  0.0383,  0.0378,  0.0477,  0.0388,  0.0187,  0.0172,  0.0541,
         0.0182,  0.0312,  0.0248, -0.0002, -0.0221, -0.0079, -0.0109,  0.0281,
         0.0064,  0.0258,  0.0392,  0.0343, -0.0019,  0.0067,  0.0444, -0.0105,
        -0.0187,  0.0413, -0.0254, -0.0318,  0.0738,  0.0253,  0.0638,  0.0028,
         0.0374,  0.0294,  0.0368,  0.0080,  0.0190,  0.0012,  0.0312, -0.0069,
         0.0050,  0.0191, -0.0008,  0.0254,  0.0131,  0.0201, -0.0280,  0.0018,
         0.0039,  0.0655,  0.0215,  0.0042,  0.0469,  0.0004, -0.0005,  0.0081,
        -0.0223,  0.0515, -0.0233,  0.0378,  0.0314,  0.0210,  0.0132, -0.0031,
         0.0508,  0.0068,  0.0212,  0.0100,  0.0132,  0.0340, -0.0014, -0.0220,
        -0.0097,  0.0485,  0.0541, -0.0368, -0.0163, -0.0061,  0.0949,  0.0503,
        -0.0195,  0.0006, -0.0144,  0.0278,  0.0274,  0.0343, -0.0139, -0.0060,
        -0.0115,  0.0363, -0.0302, -0.0031,  0.0036,  0.0503,  0.0028, -0.0293,
        -0.0036,  0.0814,  0.0122,  0.0282, -0.0112,  0.0030,  0.0100, -0.0102,
         0.0511,  0.0281, -0.0044,  0.0466, -0.0069, -0.0060,  0.0088,  0.0285,
         0.0299, -0.0044, -0.0128,  0.0370, -0.0360,  0.0426,  0.0455,  0.0053,
         0.0499,  0.0706,  0.0344,  0.0299, -0.0192,  0.0119, -0.0194,  0.0320,
         0.0135,  0.0348,  0.0325, -0.0015,  0.0418,  0.0492, -0.0103, -0.0268,
         0.0212, -0.0137,  0.0390,  0.0756,  0.0796,  0.0499,  0.0509,  0.0283])), ('fc2.weight', tensor([[ 0.0265,  0.0065,  0.0340,  ...,  0.0561,  0.0277,  0.0331],
        [-0.0048, -0.0032,  0.0542,  ..., -0.0113, -0.0468, -0.0144],
        [-0.0056,  0.0231,  0.0510,  ..., -0.0481, -0.0007,  0.0511],
        ...,
        [-0.0091, -0.0324, -0.0458,  ...,  0.0694,  0.0077, -0.0539],
        [-0.0210, -0.0510, -0.0470,  ..., -0.0389,  0.0684,  0.0147],
        [-0.0293, -0.0281,  0.0190,  ..., -0.0208,  0.0039,  0.0048]])), ('fc2.bias', tensor([-4.4208e-02,  8.1998e-02,  7.9011e-02,  9.2498e-02,  4.3944e-02,
        -1.7271e-02,  9.0719e-02, -6.2048e-02,  7.2773e-02, -4.9327e-02,
        -1.2759e-02,  5.3098e-02, -2.8678e-02,  9.7036e-03,  5.7431e-02,
        -5.4522e-03, -2.8703e-02,  7.0298e-02,  6.7889e-02, -5.3950e-02,
         6.5082e-02,  9.3401e-02,  5.9162e-02,  1.0074e-01, -1.3766e-02,
         2.8494e-02,  1.4243e-02, -1.5373e-02, -5.2207e-03,  2.0423e-02,
         1.3847e-02,  7.1673e-02,  2.7040e-02,  7.2458e-02,  8.4056e-02,
         2.5242e-02, -4.6131e-02, -5.6024e-02,  8.7096e-02, -1.3091e-02,
        -2.1524e-02, -2.3136e-02,  7.7054e-02,  7.5416e-02, -3.4770e-03,
        -2.7714e-03,  5.0069e-02, -5.6274e-02,  5.2961e-03, -6.0089e-02,
         2.5556e-02,  1.9953e-02, -2.9223e-02,  1.0274e-01, -3.6707e-02,
        -1.6797e-03,  1.1000e-01,  5.1692e-02,  9.1248e-02,  2.2175e-02,
         3.7867e-02, -2.5991e-03, -4.3598e-02, -2.1611e-02,  6.5358e-02,
         4.8351e-02,  7.7075e-02, -5.6384e-02, -6.3991e-02, -2.6420e-02,
        -1.1326e-02,  2.2048e-02, -4.1829e-02, -3.9232e-02, -6.5082e-02,
         9.7685e-02,  8.3629e-02,  3.5359e-02,  1.8340e-04,  1.8587e-02,
         5.5614e-02, -5.3995e-02, -5.1638e-02,  3.8138e-02,  6.1155e-02,
         7.0757e-02,  1.0806e-02,  9.1811e-02, -1.2527e-02,  2.8063e-03,
         9.1448e-02,  3.3485e-02,  6.6997e-02, -1.5934e-02,  1.4084e-02,
        -5.1152e-02, -5.6322e-02, -6.4882e-02, -3.1796e-02, -5.5859e-03,
        -6.1715e-03, -2.0342e-03, -3.1579e-02, -4.6390e-02, -7.4021e-03,
         8.1286e-03,  5.3813e-02,  3.4634e-02, -5.6762e-02,  5.5842e-02,
         7.0828e-02, -2.7506e-02, -1.0226e-02,  6.4843e-02, -3.7757e-02,
         4.9836e-02, -6.1095e-02,  5.3856e-02, -2.3578e-02,  7.4709e-02,
         4.6061e-02, -2.0763e-02,  1.1233e-02, -9.6159e-03, -4.6384e-02,
         4.4907e-02, -1.3557e-02, -9.3641e-04, -1.9691e-02,  5.4772e-02,
         8.1883e-02,  2.3668e-02,  7.1478e-02,  3.7698e-02, -1.3203e-02,
        -1.9886e-03,  7.2479e-02,  5.9794e-02, -5.5197e-02,  1.1549e-02,
         9.7830e-02, -3.7024e-02, -1.3725e-02, -4.1679e-02,  7.6522e-02,
         8.1706e-02,  4.1939e-02,  6.4411e-02, -5.9361e-02,  1.0964e-01,
         3.7059e-02, -5.6495e-02,  1.2343e-02, -1.6352e-02, -2.6572e-02,
         3.0488e-02,  7.0495e-02,  5.7935e-02, -1.9667e-02,  5.1825e-02,
         7.2512e-02,  2.5973e-03, -1.8925e-02, -7.0638e-02, -2.0244e-02,
        -4.7594e-02,  8.9336e-02,  7.2644e-03,  6.6353e-02,  8.0224e-02,
        -2.4620e-02, -4.1293e-02,  1.2118e-02, -4.6052e-02,  6.3674e-02,
         5.0924e-02,  3.2636e-02,  4.7997e-03, -3.9399e-02,  3.8231e-02,
         4.3549e-02, -6.2307e-02, -7.4690e-03,  5.9941e-03,  5.5657e-02,
        -1.7314e-02, -1.3017e-05,  5.7049e-02, -1.4267e-02,  8.1712e-02,
         2.9731e-02,  3.9497e-02,  3.2638e-02, -5.3328e-02,  8.2160e-02,
         3.3300e-02, -7.7476e-03, -2.2510e-02,  6.1777e-02, -3.6691e-02])), ('fc3.weight', tensor([[ 0.0234,  0.0532,  0.1346,  ..., -0.0663,  0.1025, -0.0087],
        [ 0.1168,  0.0077, -0.1048,  ...,  0.1203,  0.0914,  0.0002],
        [ 0.0145,  0.0965, -0.0292,  ..., -0.0630, -0.1014, -0.0560],
        ...,
        [-0.0409, -0.0635, -0.0658,  ..., -0.0034,  0.0983,  0.0398],
        [-0.0482,  0.1139,  0.0563,  ..., -0.0102, -0.0297, -0.0266],
        [ 0.0629,  0.0130,  0.0706,  ...,  0.0257, -0.0138,  0.1051]])), ('fc3.bias', tensor([-0.0440,  0.1368,  0.0099, -0.0313, -0.0696,  0.0265, -0.0348,  0.0851,
        -0.0645,  0.0471]))])]